# unix_time, cycles_done, cur_path, paths_total, pending_total, pending_favs, map_size, unique_crashes, unique_hangs, max_depth, execs_per_sec
1437722755, 0, 992, 1700, 1700, 295, 11.65%, 0, 0, 4, 151.72
1437722760, 0, 992, 1700, 1700, 295, 11.65%, 2, 0, 4, 274.14
1437722776, 0, 992, 1701, 1701, 295, 11.65%, 2, 0, 4, 282.33
1437722786, 0, 992, 1701, 1701, 295, 11.65%, 2, 1, 4, 270.96
1437722791, 0, 992, 1701, 1701, 295, 11.65%, 2, 2, 4, 261.68
1437722796, 0, 996, 1701, 1700, 295, 11.65%, 2, 2, 4, 236.86
1437722801, 0, 996, 1701, 1700, 295, 11.65%, 2, 3, 4, 189.66
1437722806, 0, 996, 1701, 1700, 295, 11.65%, 2, 4, 4, 219.48
1437722811, 0, 996, 1701, 1700, 295, 11.65%, 2, 5, 4, 227.88
1437722842, 0, 996, 1701, 1700, 295, 11.65%, 2, 6, 4, 236.56
1437722847, 0, 996, 1701, 1700, 295, 11.65%, 2, 7, 4, 231.53
1437722974, 0, 996, 1702, 1701, 295, 11.65%, 2, 7, 4, 231.32
1437722979, 0, 996, 1703, 1702, 295, 11.65%, 2, 7, 4, 217.99
1437723009, 0, 996, 1704, 1703, 295, 11.65%, 2, 7, 4, 253.33
1437723034, 0, 996, 1705, 1704, 295, 11.65%, 2, 7, 4, 268.27
1437723304, 0, 1001, 1705, 1703, 294, 11.65%, 2, 7, 4, 265.93
1437723391, 0, 1001, 1706, 1704, 294, 11.65%, 2, 7, 4, 240.23
1437723401, 0, 1001, 1707, 1705, 294, 11.65%, 2, 7, 4, 243.26
1437723406, 0, 1001, 1708, 1706, 294, 11.65%, 2, 7, 4, 243.31
1437723427, 0, 1001, 1709, 1707, 294, 11.65%, 2, 7, 4, 229.91
1437723442, 0, 1001, 1710, 1708, 294, 11.65%, 2, 7, 4, 255.55
1437723458, 0, 1001, 1711, 1709, 294, 11.65%, 2, 7, 4, 249.90
1437723610, 0, 1001, 1712, 1710, 294, 11.65%, 2, 7, 4, 240.34
1437723697, 0, 1001, 1713, 1711, 294, 11.65%, 2, 7, 4, 226.39
1437723879, 0, 1006, 1714, 1711, 292, 11.65%, 2, 7, 4, 223.36
1437723894, 0, 1006, 1715, 1712, 292, 11.67%, 2, 7, 4, 272.53
1437723904, 0, 1006, 1717, 1714, 292, 11.68%, 2, 7, 4, 292.69
1437723975, 0, 1016, 1717, 1713, 292, 11.68%, 2, 7, 4, 272.81
1437723996, 0, 1016, 1718, 1714, 292, 11.69%, 2, 7, 4, 285.44
1437724001, 0, 1016, 1721, 1717, 292, 11.70%, 2, 7, 4, 280.37
1437724037, 0, 1017, 1721, 1716, 295, 11.70%, 2, 7, 4, 266.70
1437724042, 0, 1017, 1722, 1717, 295, 11.70%, 2, 7, 4, 295.48
1437724052, 0, 1017, 1723, 1718, 295, 11.71%, 2, 7, 4, 306.29
1437724093, 0, 1018, 1723, 1717, 296, 11.71%, 2, 7, 4, 285.60
1437724149, 0, 1022, 1723, 1716, 295, 11.71%, 2, 7, 4, 232.07
1437724180, 0, 1023, 1723, 1715, 294, 11.71%, 2, 7, 4, 192.48
1437724215, 0, 1024, 1723, 1714, 293, 11.71%, 2, 7, 4, 210.13
1437724245, 0, 1025, 1723, 1713, 292, 11.71%, 2, 7, 4, 240.43
1437724261, 0, 1025, 1723, 1713, 292, 11.71%, 2, 8, 4, 170.27
1437724382, 0, 1025, 1723, 1713, 292, 11.71%, 2, 9, 4, 222.26
1437724413, 0, 1025, 1723, 1713, 292, 11.71%, 2, 10, 4, 190.90
1437724443, 0, 1025, 1723, 1713, 292, 11.71%, 2, 11, 4, 190.82
1437724464, 0, 1026, 1723, 1712, 291, 11.71%, 2, 11, 4, 239.40
1437724545, 0, 1026, 1723, 1712, 291, 11.71%, 2, 12, 4, 209.74
1437724566, 0, 1028, 1725, 1713, 290, 11.71%, 2, 12, 4, 195.88
1437724576, 0, 1028, 1728, 1716, 290, 11.71%, 2, 12, 4, 166.58
1437724637, 0, 1028, 1731, 1719, 290, 11.71%, 2, 12, 4, 165.82
1437724642, 0, 1028, 1732, 1720, 290, 11.71%, 2, 12, 4, 161.23
1437724652, 0, 1028, 1735, 1723, 290, 11.71%, 2, 12, 4, 168.73
1437724658, 0, 1028, 1736, 1724, 290, 11.71%, 2, 12, 4, 180.99
1437724668, 0, 1028, 1737, 1725, 290, 11.71%, 2, 12, 4, 182.22
1437724673, 0, 1028, 1738, 1726, 290, 11.71%, 2, 12, 4, 183.86
1437724693, 0, 1028, 1740, 1728, 290, 11.71%, 2, 12, 4, 178.79
1437724719, 0, 1028, 1741, 1729, 290, 11.71%, 2, 12, 4, 190.99
1437724827, 0, 1028, 1742, 1730, 290, 11.71%, 2, 12, 4, 191.04
1437725288, 0, 1028, 1743, 1731, 290, 11.71%, 2, 12, 4, 176.66
1437725298, 0, 1028, 1744, 1732, 290, 11.71%, 2, 12, 4, 187.62
1437725462, 0, 1028, 1745, 1733, 290, 11.71%, 2, 12, 4, 194.11
1437725503, 0, 1029, 1745, 1732, 290, 11.71%, 2, 12, 4, 243.10
1437725569, 0, 1033, 1745, 1731, 289, 11.71%, 2, 12, 4, 201.59
1437725744, 0, 1033, 1745, 1731, 289, 11.71%, 7, 13, 4, 104.55
1437725816, 0, 1033, 1745, 1731, 289, 11.71%, 9, 13, 4, 137.52
1437725826, 0, 1033, 1745, 1731, 289, 11.71%, 11, 13, 4, 163.00
1437725831, 0, 1034, 1745, 1730, 288, 11.71%, 11, 13, 4, 224.51
1437725836, 0, 1034, 1745, 1730, 288, 11.71%, 12, 13, 4, 250.19
1437725847, 0, 1034, 1745, 1730, 288, 11.71%, 14, 13, 4, 244.12
1437725918, 0, 1034, 1745, 1730, 288, 11.71%, 14, 14, 4, 249.08
1437725923, 0, 1034, 1745, 1730, 288, 11.71%, 15, 14, 4, 257.59
1437725938, 0, 1035, 1745, 1729, 287, 11.71%, 17, 14, 4, 245.88
1437726056, 0, 1035, 1746, 1730, 287, 11.71%, 17, 14, 4, 239.37
1437726061, 0, 1035, 1746, 1730, 287, 11.71%, 18, 14, 4, 233.71
1437726081, 0, 1035, 1746, 1730, 287, 11.71%, 19, 14, 4, 223.60
1437726086, 0, 1036, 1746, 1729, 286, 11.71%, 19, 14, 4, 248.58
1437726101, 0, 1036, 1748, 1731, 286, 11.85%, 19, 14, 4, 285.88
1437726106, 0, 1036, 1749, 1732, 286, 11.85%, 19, 14, 4, 263.09
1437726111, 0, 1036, 1749, 1732, 286, 11.85%, 19, 16, 4, 218.77
1437726117, 0, 1036, 1751, 1734, 286, 11.86%, 19, 16, 4, 212.22
1437726122, 0, 1036, 1753, 1736, 286, 11.97%, 19, 16, 4, 234.30
1437726127, 0, 1036, 1755, 1738, 286, 11.97%, 19, 16, 4, 219.33
1437726132, 0, 1036, 1757, 1740, 286, 12.05%, 19, 16, 4, 215.41
1437726137, 0, 1036, 1758, 1741, 286, 12.05%, 19, 16, 4, 231.09
1437726147, 0, 1036, 1762, 1745, 286, 17.44%, 19, 16, 4, 196.59
1437726152, 0, 1036, 1762, 1745, 286, 17.44%, 19, 17, 4, 208.71
1437726157, 0, 1036, 1763, 1746, 286, 21.92%, 19, 19, 4, 242.45
1437726173, 0, 1036, 1764, 1747, 286, 22.11%, 19, 19, 4, 212.30
1437726178, 0, 1036, 1765, 1748, 286, 22.12%, 19, 19, 4, 217.43
1437726188, 0, 1036, 1766, 1749, 286, 22.92%, 19, 20, 4, 30.30
1437726198, 0, 1036, 1767, 1750, 286, 30.58%, 19, 20, 4, 168.06
1437726208, 0, 1036, 1767, 1750, 286, 30.58%, 19, 21, 4, 202.13
1437726213, 0, 1036, 1767, 1750, 286, 30.58%, 19, 22, 4, 222.41
1437726218, 0, 1036, 1768, 1751, 286, 30.58%, 19, 22, 4, 228.73
1437726234, 0, 1036, 1768, 1751, 286, 30.58%, 19, 24, 4, 210.93
1437726239, 0, 1036, 1769, 1752, 286, 30.66%, 19, 25, 4, 199.56
1437726244, 0, 1036, 1770, 1753, 286, 30.66%, 19, 25, 4, 186.75
1437726249, 0, 1036, 1770, 1753, 286, 30.66%, 19, 26, 4, 215.88
1437726259, 0, 1036, 1771, 1754, 286, 30.77%, 19, 27, 4, 202.57
1437726264, 0, 1036, 1772, 1755, 286, 31.20%, 19, 27, 4, 185.68
1437726289, 0, 1036, 1773, 1756, 286, 31.51%, 19, 28, 4, 208.01
1437726305, 0, 1036, 1773, 1756, 286, 31.51%, 19, 29, 4, 228.49
1437726315, 0, 1036, 1774, 1757, 286, 31.51%, 19, 29, 4, 210.71
1437726320, 0, 1036, 1774, 1757, 286, 31.51%, 19, 30, 4, 215.57
1437726325, 0, 1036, 1775, 1758, 286, 31.51%, 19, 30, 4, 222.29
1437726340, 0, 1036, 1777, 1760, 286, 31.80%, 19, 30, 4, 222.52
1437726350, 0, 1036, 1778, 1761, 286, 31.80%, 19, 30, 4, 220.21
1437726355, 0, 1036, 1779, 1762, 286, 31.93%, 19, 30, 4, 215.13
1437726361, 0, 1036, 1781, 1764, 286, 31.93%, 19, 30, 4, 228.56
1437726366, 0, 1036, 1782, 1765, 286, 31.93%, 19, 30, 4, 232.23
1437726371, 0, 1036, 1783, 1766, 286, 32.58%, 19, 30, 4, 252.48
1437726376, 0, 1036, 1783, 1766, 286, 32.58%, 19, 31, 4, 220.33
1437726406, 0, 1036, 1785, 1768, 286, 32.77%, 19, 31, 4, 242.57
1437726411, 0, 1036, 1786, 1769, 286, 32.77%, 19, 31, 4, 233.13
1437726417, 0, 1036, 1787, 1770, 286, 32.99%, 19, 31, 4, 27.98
1437726422, 0, 1036, 1788, 1771, 286, 33.39%, 19, 31, 4, 243.33
1437726432, 0, 1036, 1788, 1771, 286, 33.39%, 19, 32, 4, 216.70
1437726447, 0, 1036, 1789, 1772, 286, 33.39%, 19, 32, 4, 238.23
1437726478, 0, 1036, 1790, 1773, 286, 33.39%, 19, 32, 4, 205.58
1437726483, 0, 1036, 1790, 1773, 286, 33.39%, 19, 34, 4, 216.58
1437726488, 0, 1036, 1791, 1774, 286, 33.39%, 19, 34, 4, 222.61
1437726494, 0, 1036, 1792, 1775, 286, 33.44%, 19, 34, 4, 236.54
1437726519, 0, 1036, 1793, 1776, 286, 33.44%, 19, 34, 4, 205.25
1437726534, 0, 1036, 1794, 1777, 286, 33.44%, 19, 34, 4, 221.49
1437726539, 0, 1036, 1795, 1778, 286, 33.44%, 19, 34, 4, 227.19
1437726544, 0, 1036, 1795, 1778, 286, 33.44%, 19, 35, 4, 228.27
1437726549, 0, 1036, 1796, 1779, 286, 33.45%, 19, 35, 4, 243.73
1437726554, 0, 1036, 1798, 1781, 286, 33.68%, 19, 36, 4, 242.48
1437726580, 0, 1036, 1799, 1782, 286, 33.68%, 19, 36, 4, 202.25
1437726585, 0, 1036, 1800, 1783, 286, 33.87%, 19, 37, 4, 234.11
1437726610, 0, 1036, 1800, 1783, 286, 33.87%, 19, 38, 4, 207.32
1437726616, 0, 1036, 1800, 1783, 286, 33.87%, 19, 39, 4, 215.32
1437726656, 0, 1036, 1801, 1784, 286, 33.97%, 19, 39, 4, 239.63
1437726662, 0, 1036, 1802, 1785, 286, 34.07%, 19, 40, 4, 26.99
1437726672, 0, 1036, 1803, 1786, 286, 34.50%, 19, 40, 4, 227.49
1437726677, 0, 1036, 1804, 1787, 286, 34.69%, 19, 40, 4, 205.30
1437726687, 0, 1037, 1804, 1786, 298, 34.69%, 19, 40, 4, 284.75
1437726758, 0, 1038, 1812, 1793, 297, 34.70%, 19, 40, 4, 293.58
1437726763, 0, 1038, 1813, 1794, 297, 34.70%, 19, 40, 4, 309.06
1437726774, 0, 1038, 1814, 1795, 297, 34.70%, 19, 40, 4, 305.73
1437726809, 0, 1038, 1817, 1798, 297, 34.75%, 19, 42, 4, 297.03
1437726819, 0, 1038, 1817, 1798, 297, 34.75%, 19, 44, 4, 304.44
1437726829, 0, 1038, 1817, 1798, 297, 34.75%, 19, 48, 4, 282.54
1437726834, 0, 1038, 1818, 1799, 297, 34.75%, 19, 48, 4, 303.42
1437726839, 0, 1038, 1819, 1800, 297, 34.75%, 19, 48, 4, 313.59
1437726844, 0, 1038, 1821, 1802, 297, 34.75%, 19, 48, 4, 272.11
1437726849, 0, 1038, 1822, 1803, 297, 34.75%, 19, 49, 4, 242.87
1437726854, 0, 1038, 1824, 1805, 297, 34.75%, 19, 49, 4, 240.01
1437726860, 0, 1038, 1826, 1807, 297, 34.77%, 19, 49, 4, 265.52
1437726865, 0, 1038, 1828, 1809, 297, 34.77%, 19, 49, 4, 257.59
1437726870, 0, 1038, 1829, 1810, 297, 34.77%, 19, 49, 4, 239.58
1437726880, 0, 1038, 1830, 1811, 297, 34.77%, 19, 49, 4, 247.20
1437726885, 0, 1038, 1831, 1812, 297, 34.77%, 19, 49, 4, 268.27
1437726890, 0, 1038, 1832, 1813, 297, 34.77%, 19, 51, 4, 259.62
1437726921, 0, 1038, 1835, 1816, 297, 34.77%, 19, 51, 4, 241.44
1437726946, 0, 1038, 1836, 1817, 297, 34.77%, 19, 51, 4, 255.47
1437726951, 0, 1038, 1836, 1817, 297, 34.77%, 19, 52, 4, 252.11
1437726966, 0, 1038, 1837, 1818, 297, 34.77%, 19, 53, 4, 260.67
1437726976, 0, 1038, 1838, 1819, 297, 34.77%, 19, 53, 4, 256.28
1437727002, 0, 1038, 1839, 1820, 297, 34.77%, 19, 53, 4, 228.24
1437727017, 0, 1038, 1840, 1821, 297, 34.77%, 20, 53, 4, 241.56
1437727053, 0, 1038, 1842, 1823, 297, 34.77%, 20, 54, 4, 249.57
1437727073, 0, 1038, 1843, 1824, 297, 34.95%, 20, 54, 4, 222.30
1437727088, 0, 1038, 1844, 1825, 297, 35.09%, 20, 55, 4, 236.29
1437727119, 0, 1038, 1844, 1825, 297, 35.09%, 20, 57, 4, 258.97
1437727124, 0, 1038, 1844, 1825, 297, 35.09%, 20, 58, 4, 244.23
1437727180, 0, 1038, 1844, 1825, 297, 35.09%, 20, 59, 4, 263.39
1437727185, 0, 1038, 1844, 1825, 297, 35.09%, 20, 60, 4, 255.11
1437727206, 0, 1038, 1845, 1826, 297, 35.09%, 20, 61, 4, 259.68
1437727226, 0, 1038, 1846, 1827, 297, 38.04%, 20, 61, 4, 32.04
1437727236, 0, 1038, 1847, 1828, 297, 38.19%, 20, 61, 4, 280.70
1437727242, 0, 1038, 1847, 1828, 297, 38.19%, 20, 62, 4, 293.09
1437727247, 0, 1038, 1848, 1829, 297, 38.19%, 20, 62, 4, 293.92
1437727262, 0, 1038, 1848, 1829, 297, 38.19%, 20, 65, 4, 243.23
1437727308, 0, 1038, 1848, 1829, 297, 38.19%, 20, 66, 4, 245.41
1437727328, 0, 1041, 1848, 1828, 303, 38.19%, 20, 66, 4, 300.31
1437727384, 0, 1045, 1848, 1827, 303, 38.19%, 20, 66, 4, 346.04
1437727389, 0, 1045, 1851, 1830, 303, 38.22%, 20, 66, 4, 342.64
1437727430, 0, 1045, 1852, 1831, 303, 38.22%, 20, 66, 4, 281.76
1437727461, 0, 1045, 1853, 1832, 303, 38.27%, 20, 66, 4, 276.25
1437727471, 0, 1045, 1853, 1832, 303, 38.27%, 20, 67, 4, 278.25
1437727481, 0, 1045, 1854, 1833, 303, 38.27%, 20, 67, 4, 289.40
1437727542, 0, 1045, 1855, 1834, 303, 38.27%, 20, 67, 4, 263.10
1437727552, 0, 1045, 1856, 1835, 303, 38.27%, 20, 67, 4, 300.36
1437727557, 0, 1045, 1856, 1835, 303, 38.27%, 20, 68, 4, 303.04
1437727563, 0, 1045, 1857, 1836, 303, 38.27%, 20, 68, 4, 296.62
1437727588, 0, 1045, 1858, 1837, 303, 38.27%, 20, 68, 4, 277.91
1437727659, 0, 1045, 1858, 1837, 303, 38.27%, 20, 69, 4, 280.77
1437727776, 0, 1045, 1859, 1838, 303, 38.27%, 20, 69, 4, 230.33
1437727791, 0, 1045, 1859, 1838, 303, 38.27%, 20, 70, 4, 240.07
1437727832, 0, 1045, 1860, 1839, 303, 38.27%, 20, 70, 4, 255.75
1437727878, 0, 1049, 1860, 1838, 303, 38.27%, 20, 70, 4, 213.09
1437727883, 0, 1049, 1863, 1841, 303, 38.30%, 20, 72, 4, 246.42
1437727944, 0, 1049, 1863, 1841, 303, 38.30%, 20, 74, 4, 243.79
1437727960, 0, 1049, 1863, 1841, 303, 38.30%, 20, 79, 4, 269.69
1437727980, 0, 1049, 1864, 1842, 303, 38.31%, 20, 79, 4, 219.62
1437727986, 0, 1049, 1865, 1843, 303, 38.31%, 20, 79, 4, 229.85
1437727996, 0, 1049, 1866, 1844, 303, 38.35%, 20, 79, 4, 222.72
1437728001, 0, 1049, 1867, 1845, 303, 38.91%, 20, 80, 4, 24.77
1437728006, 0, 1049, 1867, 1845, 303, 39.23%, 20, 81, 4, 236.58
1437728011, 0, 1049, 1868, 1846, 303, 39.23%, 20, 82, 4, 205.19
1437728026, 0, 1049, 1869, 1847, 303, 39.23%, 20, 82, 4, 253.10
1437728041, 0, 1049, 1869, 1847, 303, 39.23%, 20, 83, 4, 257.37
1437728047, 0, 1049, 1869, 1847, 303, 39.23%, 20, 84, 4, 238.37
1437728052, 0, 1049, 1870, 1848, 303, 39.23%, 20, 84, 4, 234.60
1437728057, 0, 1049, 1871, 1849, 303, 39.23%, 20, 85, 4, 22.64
1437728067, 0, 1049, 1871, 1849, 303, 39.23%, 20, 87, 4, 242.41
1437728072, 0, 1049, 1871, 1849, 303, 39.23%, 20, 89, 4, 233.43
1437728087, 0, 1049, 1871, 1849, 303, 39.23%, 20, 90, 4, 212.92
1437728092, 0, 1049, 1871, 1849, 303, 39.23%, 20, 92, 4, 199.74
1437728113, 0, 1049, 1871, 1849, 303, 39.23%, 20, 93, 4, 213.66
1437728123, 0, 1049, 1871, 1849, 303, 39.23%, 20, 94, 4, 228.35
1437728128, 0, 1049, 1872, 1850, 303, 39.23%, 20, 94, 4, 217.82
1437728138, 0, 1049, 1873, 1851, 303, 39.24%, 20, 95, 4, 225.52
1437728144, 0, 1049, 1873, 1851, 303, 39.24%, 20, 97, 4, 247.08
1437728149, 0, 1049, 1874, 1852, 303, 39.24%, 20, 97, 4, 175.46
1437728154, 0, 1049, 1875, 1853, 303, 39.24%, 20, 97, 4, 223.66
1437728164, 0, 1049, 1877, 1855, 303, 39.24%, 20, 97, 4, 214.87
1437728169, 0, 1049, 1878, 1856, 303, 39.24%, 20, 97, 4, 231.94
1437728174, 0, 1049, 1878, 1856, 303, 39.24%, 20, 98, 4, 228.43
1437728205, 0, 1049, 1878, 1856, 303, 39.24%, 20, 99, 4, 230.89
1437728215, 0, 1049, 1878, 1856, 303, 39.24%, 20, 100, 4, 226.13
1437728230, 0, 1049, 1880, 1858, 303, 39.24%, 20, 101, 4, 269.56
1437728235, 0, 1049, 1880, 1858, 303, 39.24%, 20, 102, 4, 243.28
1437728241, 0, 1049, 1881, 1859, 303, 39.24%, 20, 102, 4, 225.98
1437728246, 0, 1049, 1882, 1860, 303, 39.24%, 20, 104, 4, 238.12
1437728261, 0, 1049, 1883, 1861, 303, 39.26%, 20, 104, 4, 28.78
1437728266, 0, 1049, 1883, 1861, 303, 39.27%, 20, 106, 4, 241.84
1437728281, 0, 1049, 1883, 1861, 303, 39.27%, 20, 107, 4, 257.00
1437728286, 0, 1049, 1883, 1861, 303, 39.27%, 20, 109, 4, 253.03
1437728291, 0, 1049, 1883, 1861, 303, 39.27%, 20, 110, 4, 228.61
1437728296, 0, 1049, 1884, 1862, 303, 39.27%, 20, 110, 4, 237.35
1437728301, 0, 1049, 1884, 1862, 303, 39.27%, 20, 111, 4, 243.20
1437728306, 0, 1049, 1885, 1863, 303, 39.27%, 20, 112, 4, 249.30
1437728311, 0, 1049, 1886, 1864, 303, 39.27%, 20, 112, 4, 241.53
1437728316, 0, 1049, 1886, 1864, 303, 39.27%, 20, 113, 4, 239.72
1437728337, 0, 1049, 1887, 1865, 303, 39.27%, 20, 113, 4, 233.25
1437728347, 0, 1049, 1888, 1866, 303, 39.71%, 20, 113, 4, 258.55
1437728357, 0, 1049, 1888, 1866, 303, 39.71%, 20, 114, 4, 230.17
1437728368, 0, 1049, 1888, 1866, 303, 39.71%, 20, 115, 4, 237.42
1437728378, 0, 1049, 1888, 1866, 303, 39.71%, 20, 116, 4, 225.13
1437728383, 0, 1049, 1889, 1867, 303, 39.71%, 20, 116, 4, 243.44
1437728388, 0, 1049, 1889, 1867, 303, 39.71%, 20, 118, 4, 246.05
1437728393, 0, 1049, 1890, 1868, 303, 40.30%, 20, 120, 4, 254.42
1437728419, 0, 1049, 1891, 1869, 303, 40.30%, 20, 121, 4, 215.93
1437728429, 0, 1049, 1891, 1869, 303, 40.30%, 20, 122, 4, 246.00
1437728439, 0, 1049, 1891, 1869, 303, 40.30%, 20, 123, 4, 276.23
1437728454, 0, 1049, 1891, 1869, 303, 40.30%, 20, 124, 4, 256.71
1437728469, 0, 1049, 1891, 1869, 303, 40.30%, 20, 125, 4, 216.77
1437728474, 0, 1049, 1891, 1869, 303, 40.30%, 20, 127, 4, 233.35
1437728480, 0, 1049, 1891, 1869, 303, 40.30%, 20, 128, 4, 223.37
1437728485, 0, 1049, 1892, 1870, 303, 40.31%, 20, 129, 4, 241.18
1437728500, 0, 1049, 1893, 1871, 303, 40.31%, 20, 129, 4, 223.93
1437728505, 0, 1049, 1893, 1871, 303, 40.31%, 20, 130, 4, 235.38
1437728515, 0, 1049, 1893, 1871, 303, 40.31%, 20, 131, 4, 235.10
1437728526, 0, 1049, 1893, 1871, 303, 40.31%, 20, 132, 4, 230.72
1437728531, 0, 1049, 1893, 1871, 303, 40.31%, 20, 133, 4, 243.69
1437728541, 0, 1049, 1894, 1872, 303, 40.31%, 20, 134, 4, 237.68
1437728551, 0, 1049, 1895, 1873, 303, 40.31%, 20, 135, 4, 224.50
1437728566, 0, 1049, 1895, 1873, 303, 40.31%, 20, 137, 4, 227.94
1437728571, 0, 1049, 1895, 1873, 303, 40.31%, 20, 138, 4, 226.03
1437728576, 0, 1049, 1896, 1874, 303, 41.75%, 20, 138, 4, 205.02
1437728586, 0, 1049, 1897, 1875, 303, 41.75%, 20, 138, 4, 202.18
1437728591, 0, 1049, 1897, 1875, 303, 41.75%, 20, 139, 4, 233.06
1437728596, 0, 1049, 1897, 1875, 303, 41.75%, 20, 140, 4, 243.73
1437728602, 0, 1049, 1897, 1875, 303, 41.75%, 20, 141, 4, 217.32
1437728617, 0, 1049, 1897, 1875, 303, 41.75%, 20, 144, 4, 211.26
1437728647, 0, 1049, 1898, 1876, 303, 41.75%, 20, 146, 4, 203.62
1437728652, 0, 1049, 1899, 1877, 303, 41.75%, 20, 146, 4, 223.58
1437728657, 0, 1049, 1899, 1877, 303, 41.75%, 20, 147, 4, 230.09
1437728662, 0, 1049, 1900, 1878, 303, 41.75%, 20, 147, 4, 222.28
1437728667, 0, 1053, 1901, 1878, 309, 41.75%, 20, 147, 4, 231.65
1437728708, 0, 1053, 1901, 1878, 309, 41.75%, 20, 148, 4, 301.48
1437728713, 0, 1053, 1901, 1878, 309, 41.75%, 20, 149, 4, 296.14
1437728723, 0, 1053, 1902, 1879, 309, 41.75%, 20, 149, 4, 229.88
1437728784, 0, 1058, 1902, 1878, 308, 41.75%, 20, 149, 4, 218.50
1437728809, 0, 1060, 1902, 1877, 307, 41.75%, 20, 149, 4, 254.38
1437728891, 0, 1061, 1902, 1876, 306, 41.75%, 20, 149, 4, 229.47
1437728998, 0, 1062, 1902, 1875, 305, 41.75%, 20, 149, 4, 268.51
1437729085, 0, 1067, 1902, 1874, 304, 41.75%, 20, 149, 4, 266.95
1437729100, 0, 1067, 1904, 1876, 304, 41.75%, 20, 149, 4, 309.12
1437729171, 0, 1067, 1905, 1877, 304, 41.75%, 20, 149, 4, 244.99
1437729212, 0, 1067, 1906, 1878, 304, 41.75%, 20, 149, 4, 227.24
1437729294, 0, 1071, 1906, 1877, 303, 41.75%, 20, 149, 4, 224.23
1437729304, 0, 1071, 1906, 1877, 303, 41.75%, 20, 150, 4, 252.54
1437729411, 0, 1072, 1906, 1876, 302, 41.75%, 20, 150, 4, 247.39
1437729518, 0, 1074, 1906, 1875, 301, 41.75%, 20, 150, 4, 259.12
1437729634, 0, 1083, 1906, 1874, 300, 41.75%, 20, 150, 4, 219.73
1437729640, 0, 1083, 1906, 1874, 300, 41.75%, 20, 151, 4, 189.62
1437729747, 0, 1083, 1906, 1874, 300, 41.75%, 20, 152, 4, 185.04
1437729752, 0, 1083, 1906, 1874, 300, 41.75%, 20, 153, 4, 188.97
1437729773, 0, 1086, 1906, 1873, 299, 41.75%, 20, 153, 4, 183.39
1437729818, 0, 1086, 1906, 1873, 299, 41.75%, 20, 154, 4, 157.60
1437729839, 0, 1086, 1906, 1873, 299, 41.75%, 20, 155, 4, 167.12
1437729885, 0, 1086, 1906, 1873, 299, 41.75%, 20, 156, 4, 200.58
1437729890, 0, 1103, 1906, 1872, 299, 41.75%, 20, 156, 4, 189.62
1437729895, 0, 1103, 1906, 1872, 299, 41.75%, 20, 157, 4, 173.05
1437729931, 0, 1103, 1906, 1872, 299, 41.75%, 20, 158, 4, 156.54
1437729956, 0, 1103, 1906, 1872, 299, 41.75%, 20, 159, 4, 162.31
1437729997, 0, 1103, 1906, 1872, 299, 41.75%, 20, 160, 4, 188.79
1437730007, 0, 1103, 1906, 1872, 299, 41.75%, 20, 161, 4, 192.54
1437730017, 0, 1104, 1906, 1871, 298, 41.75%, 20, 161, 4, 201.87
1437730109, 0, 1104, 1906, 1871, 298, 41.75%, 20, 162, 4, 168.23
1437730145, 0, 1104, 1907, 1872, 298, 41.75%, 20, 162, 4, 201.03
1437730150, 0, 1104, 1908, 1873, 298, 41.75%, 20, 163, 4, 187.15
1437730165, 0, 1104, 1909, 1874, 298, 41.75%, 20, 165, 4, 190.55
1437730170, 0, 1104, 1910, 1875, 298, 41.75%, 20, 165, 4, 191.80
1437730175, 0, 1104, 1911, 1876, 298, 41.75%, 20, 165, 4, 161.29
1437730181, 0, 1104, 1911, 1876, 298, 41.75%, 20, 166, 4, 188.90
1437730191, 0, 1104, 1912, 1877, 298, 41.75%, 20, 166, 4, 188.18
1437730196, 0, 1104, 1912, 1877, 298, 41.75%, 20, 167, 4, 193.36
1437730263, 0, 1104, 1912, 1877, 298, 41.75%, 20, 168, 4, 207.85
1437730293, 0, 1104, 1913, 1878, 298, 41.76%, 20, 169, 4, 194.21
1437730334, 0, 1104, 1914, 1879, 298, 41.76%, 20, 169, 4, 191.46
1437730349, 0, 1104, 1914, 1879, 298, 41.76%, 20, 170, 4, 190.18
1437730364, 0, 1104, 1915, 1880, 298, 41.76%, 20, 170, 4, 195.50
1437730385, 0, 1104, 1916, 1881, 298, 41.76%, 20, 170, 4, 195.81
1437730390, 0, 1104, 1917, 1882, 298, 41.76%, 20, 171, 4, 196.80
1437730395, 0, 1104, 1917, 1882, 298, 41.76%, 20, 172, 4, 121.85
1437730462, 0, 1104, 1918, 1883, 298, 41.76%, 20, 172, 4, 186.44
1437730467, 0, 1104, 1919, 1884, 298, 41.76%, 20, 172, 4, 190.00
1437730534, 0, 1104, 1919, 1884, 298, 41.76%, 20, 173, 4, 193.73
1437730549, 0, 1104, 1920, 1885, 298, 41.76%, 20, 173, 4, 191.29
1437730605, 0, 1104, 1921, 1886, 298, 41.76%, 20, 173, 4, 184.28
1437730616, 0, 1104, 1921, 1886, 298, 41.76%, 20, 174, 4, 195.72
1437730646, 0, 1104, 1922, 1887, 298, 41.76%, 20, 174, 4, 199.89
1437730667, 0, 1104, 1922, 1887, 298, 41.76%, 20, 175, 4, 196.83
1437730672, 0, 1104, 1922, 1887, 298, 41.76%, 20, 176, 4, 195.16
1437730806, 0, 1104, 1923, 1888, 298, 41.76%, 20, 176, 4, 186.61
1437730826, 0, 1104, 1923, 1888, 298, 41.76%, 20, 177, 4, 196.85
1437730924, 0, 1104, 1924, 1889, 298, 41.76%, 20, 177, 4, 193.72
1437730960, 0, 1112, 1924, 1888, 294, 41.76%, 20, 177, 4, 248.26
1437730986, 0, 1112, 1925, 1889, 294, 41.76%, 20, 177, 4, 232.59
1437731021, 0, 1114, 1926, 1889, 294, 41.76%, 20, 177, 4, 249.42
1437731026, 0, 1114, 1928, 1891, 294, 41.76%, 20, 177, 4, 248.87
1437731031, 0, 1114, 1930, 1893, 294, 41.76%, 20, 177, 4, 245.13
1437731067, 0, 1114, 1931, 1894, 294, 41.76%, 20, 178, 4, 235.13
1437731072, 0, 1114, 1936, 1899, 294, 41.77%, 20, 179, 4, 169.36
1437731082, 0, 1114, 1941, 1904, 294, 41.77%, 20, 180, 4, 96.03
1437731088, 0, 1114, 1944, 1907, 294, 41.77%, 20, 181, 4, 169.47
1437731093, 0, 1114, 1947, 1910, 294, 41.77%, 20, 181, 4, 149.56
1437731098, 0, 1114, 1950, 1913, 294, 41.77%, 20, 181, 4, 142.44
1437731103, 0, 1114, 1952, 1915, 294, 41.77%, 20, 183, 4, 147.59
1437731108, 0, 1114, 1955, 1918, 294, 41.77%, 20, 184, 4, 138.97
1437731113, 0, 1114, 1958, 1921, 294, 41.77%, 20, 185, 4, 143.56
1437731118, 0, 1114, 1959, 1922, 294, 41.77%, 20, 185, 4, 140.68
1437731123, 0, 1114, 1960, 1923, 294, 41.77%, 20, 186, 4, 152.18
1437731128, 0, 1114, 1960, 1923, 294, 41.77%, 20, 187, 4, 162.62
1437731138, 0, 1114, 1962, 1925, 294, 41.77%, 20, 188, 4, 46.15
1437731143, 0, 1114, 1963, 1926, 294, 41.77%, 20, 190, 4, 120.59
1437731148, 0, 1114, 1964, 1927, 294, 41.77%, 20, 190, 4, 142.37
1437731158, 0, 1114, 1964, 1927, 294, 41.77%, 20, 192, 4, 149.87
1437731163, 0, 1114, 1965, 1928, 294, 41.77%, 20, 192, 4, 145.90
1437731174, 0, 1114, 1965, 1928, 294, 41.77%, 20, 193, 4, 144.03
1437731179, 0, 1114, 1967, 1930, 294, 41.77%, 20, 193, 4, 156.47
1437731184, 0, 1114, 1968, 1931, 294, 41.77%, 20, 193, 4, 146.23
1437731189, 0, 1114, 1970, 1933, 294, 41.77%, 20, 194, 4, 149.34
1437731194, 0, 1114, 1972, 1935, 294, 41.77%, 20, 195, 4, 160.68
1437731199, 0, 1114, 1973, 1936, 294, 41.77%, 20, 195, 4, 150.26
1437731204, 0, 1114, 1973, 1936, 294, 41.77%, 20, 196, 4, 145.97
1437731209, 0, 1114, 1974, 1937, 294, 41.77%, 20, 197, 4, 148.74
1437731219, 0, 1114, 1976, 1939, 294, 41.77%, 20, 198, 4, 144.08
1437731245, 0, 1114, 1978, 1941, 294, 41.77%, 20, 198, 4, 145.57
1437731255, 0, 1114, 1979, 1942, 294, 41.78%, 20, 198, 4, 145.14
1437731260, 0, 1114, 1982, 1945, 294, 41.78%, 20, 198, 4, 136.94
1437731265, 0, 1114, 1983, 1946, 294, 41.78%, 20, 198, 4, 158.70
1437731296, 0, 1114, 1983, 1946, 294, 41.78%, 20, 199, 4, 132.08
1437731301, 0, 1114, 1984, 1947, 294, 41.78%, 20, 200, 4, 114.61
1437731306, 0, 1114, 1985, 1948, 294, 41.78%, 20, 200, 4, 136.17
1437731316, 0, 1114, 1986, 1949, 294, 41.78%, 20, 200, 4, 142.61
1437731322, 0, 1114, 1989, 1952, 294, 41.78%, 20, 200, 4, 129.61
1437731332, 0, 1114, 1989, 1952, 294, 41.78%, 20, 201, 4, 145.90
1437731337, 0, 1114, 1990, 1953, 294, 41.78%, 20, 201, 4, 147.80
1437731347, 0, 1114, 1991, 1954, 294, 41.78%, 20, 201, 4, 145.14
1437731362, 0, 1114, 1992, 1955, 294, 41.78%, 20, 201, 4, 135.40
1437731368, 0, 1114, 1993, 1956, 294, 41.78%, 20, 201, 4, 144.11
1437731378, 0, 1114, 1994, 1957, 294, 41.78%, 20, 201, 4, 163.28
1437731388, 0, 1114, 1995, 1958, 294, 41.78%, 20, 201, 4, 152.17
1437731393, 0, 1114, 1995, 1958, 294, 41.78%, 20, 202, 4, 152.00
1437731428, 0, 1114, 1996, 1959, 294, 41.78%, 20, 202, 4, 139.28
1437731433, 0, 1114, 1997, 1960, 294, 41.78%, 20, 202, 4, 165.82
1437731439, 0, 1114, 1998, 1961, 294, 41.78%, 20, 202, 4, 162.88
1437731449, 0, 1114, 1999, 1962, 294, 41.78%, 20, 203, 4, 175.68
1437731464, 0, 1114, 2000, 1963, 294, 41.78%, 20, 203, 4, 149.35
1437731469, 0, 1114, 2001, 1964, 294, 41.78%, 20, 203, 4, 146.94
1437731495, 0, 1114, 2001, 1964, 294, 41.78%, 20, 204, 4, 167.06
1437731505, 0, 1114, 2001, 1964, 294, 41.78%, 20, 205, 4, 157.77
1437731510, 0, 1114, 2004, 1967, 294, 41.78%, 20, 205, 4, 143.25
1437731515, 0, 1114, 2005, 1968, 294, 41.78%, 20, 205, 4, 145.68
1437731525, 0, 1114, 2005, 1968, 294, 41.78%, 20, 206, 4, 178.28
1437731551, 0, 1114, 2006, 1969, 294, 41.78%, 20, 206, 4, 139.51
1437731556, 0, 1114, 2006, 1969, 294, 41.78%, 20, 207, 4, 148.09
1437731571, 0, 1114, 2007, 1970, 294, 41.78%, 20, 207, 4, 159.14
1437731576, 0, 1114, 2008, 1971, 294, 41.78%, 20, 207, 4, 154.67
1437731592, 0, 1114, 2009, 1972, 294, 41.78%, 20, 207, 4, 152.81
1437731602, 0, 1114, 2010, 1973, 294, 41.78%, 20, 207, 4, 148.04
1437731643, 0, 1114, 2010, 1973, 294, 41.78%, 20, 208, 4, 148.96
1437731704, 0, 1114, 2011, 1974, 294, 41.78%, 20, 208, 4, 148.80
1437731725, 0, 1114, 2012, 1975, 294, 41.78%, 20, 208, 4, 138.10
1437731730, 0, 1114, 2013, 1976, 294, 41.78%, 20, 208, 4, 135.18
1437731750, 0, 1114, 2014, 1977, 294, 41.78%, 20, 208, 4, 149.65
1437731755, 0, 1114, 2014, 1977, 294, 41.78%, 20, 210, 4, 153.88
1437731822, 0, 1114, 2015, 1978, 294, 41.78%, 20, 210, 4, 156.08
1437731857, 0, 1114, 2016, 1979, 294, 41.78%, 20, 210, 4, 155.04
1437731868, 0, 1114, 2016, 1979, 294, 41.78%, 20, 211, 4, 148.81
1437731908, 0, 1114, 2017, 1980, 294, 41.78%, 20, 211, 4, 139.84
1437731939, 0, 1114, 2018, 1981, 294, 41.79%, 20, 211, 4, 153.30
1437731985, 0, 1114, 2019, 1982, 294, 41.79%, 20, 211, 4, 154.58
1437732021, 0, 1114, 2020, 1983, 294, 41.79%, 20, 211, 4, 158.60
1437732051, 0, 1114, 2021, 1984, 294, 41.79%, 20, 211, 4, 156.69
1437732148, 0, 1114, 2021, 1984, 294, 41.79%, 20, 212, 4, 145.44
1437732158, 0, 1114, 2022, 1985, 294, 41.84%, 20, 212, 4, 188.12
1437732179, 0, 1114, 2023, 1986, 294, 41.84%, 20, 212, 4, 149.47
1437732184, 0, 1119, 2023, 1985, 309, 41.84%, 20, 212, 4, 145.61
1437732300, 0, 1119, 2024, 1986, 309, 41.84%, 20, 212, 4, 167.77
1437732306, 0, 1119, 2024, 1986, 309, 41.84%, 20, 213, 4, 160.23
1437732336, 0, 1119, 2024, 1986, 309, 41.84%, 20, 214, 4, 166.09
1437732341, 0, 1119, 2025, 1987, 309, 41.84%, 20, 214, 4, 165.70
1437732357, 0, 1119, 2026, 1988, 309, 41.84%, 20, 214, 4, 164.86
1437732372, 0, 1119, 2026, 1988, 309, 41.84%, 20, 215, 4, 172.61
1437732402, 0, 1119, 2026, 1988, 309, 41.84%, 20, 216, 4, 164.59
1437732408, 0, 1119, 2027, 1989, 309, 41.85%, 20, 217, 4, 169.25
1437732443, 0, 1119, 2027, 1989, 309, 41.85%, 20, 218, 4, 170.68
1437732458, 0, 1119, 2028, 1990, 309, 41.85%, 20, 218, 4, 171.33
1437732520, 0, 1119, 2029, 1991, 309, 41.85%, 20, 218, 4, 171.12
1437732535, 0, 1119, 2029, 1991, 309, 41.85%, 20, 219, 4, 179.07
1437732560, 0, 1119, 2029, 1991, 309, 41.85%, 20, 220, 4, 174.73
1437732591, 0, 1119, 2030, 1992, 309, 41.85%, 20, 220, 4, 180.57
1437732601, 0, 1119, 2031, 1993, 309, 41.85%, 20, 220, 4, 174.94
1437732642, 0, 1119, 2031, 1993, 309, 41.85%, 20, 221, 4, 193.83
1437732738, 0, 1119, 2031, 1993, 309, 41.85%, 20, 222, 4, 223.57
1437732804, 0, 1119, 2031, 1993, 309, 41.85%, 20, 223, 4, 177.18
1437732835, 0, 1119, 2032, 1994, 309, 41.85%, 20, 223, 4, 175.23
1437732926, 0, 1119, 2032, 1994, 309, 41.85%, 20, 224, 4, 164.77
1437732937, 0, 1119, 2033, 1995, 309, 41.85%, 20, 224, 4, 173.52
1437732997, 0, 1119, 2034, 1996, 309, 41.85%, 20, 224, 4, 171.34
1437733023, 0, 1119, 2035, 1997, 309, 41.85%, 20, 224, 4, 176.88
1437733043, 0, 1119, 2036, 1998, 309, 41.85%, 20, 224, 4, 177.23
1437733079, 0, 1119, 2036, 1998, 309, 41.85%, 20, 225, 4, 177.38
1437733207, 0, 1132, 2036, 1997, 311, 41.85%, 20, 225, 4, 164.89
1437733258, 0, 1132, 2036, 1997, 311, 41.85%, 20, 226, 4, 170.53
1437733303, 0, 1132, 2037, 1998, 311, 41.85%, 20, 226, 4, 192.15
1437733349, 0, 1135, 2037, 1997, 310, 41.85%, 20, 226, 4, 178.10
1437733406, 0, 1138, 2037, 1996, 309, 41.85%, 20, 226, 4, 195.41
1437733426, 0, 1138, 2037, 1996, 309, 41.85%, 20, 227, 4, 151.77
1437733477, 0, 1141, 2037, 1995, 308, 41.85%, 20, 227, 4, 129.22
1437733482, 0, 1141, 2038, 1996, 308, 41.85%, 20, 227, 4, 142.92
1437733553, 0, 1143, 2038, 1995, 307, 41.85%, 20, 227, 4, 166.55
1437733625, 0, 1167, 2038, 1994, 306, 41.85%, 20, 227, 4, 196.33
1437733681, 0, 1185, 2038, 1993, 305, 41.85%, 20, 227, 4, 207.74
1437733711, 0, 1185, 2038, 1993, 305, 41.85%, 20, 228, 4, 157.04
1437733737, 0, 1185, 2039, 1994, 305, 41.85%, 20, 228, 4, 193.35
1437733783, 0, 1202, 2039, 1993, 304, 41.85%, 20, 228, 4, 185.45
1437733793, 0, 1202, 2040, 1994, 304, 41.85%, 20, 228, 4, 181.55
1437733890, 0, 1206, 2040, 1993, 304, 41.85%, 20, 229, 4, 54.02
1437733895, 0, 1206, 2042, 1995, 304, 41.85%, 20, 229, 4, 97.10
1437733910, 0, 1206, 2043, 1996, 304, 41.85%, 20, 229, 4, 75.22
1437734012, 0, 1206, 2043, 1996, 304, 41.85%, 20, 231, 4, 78.24
1437734017, 0, 1206, 2043, 1996, 304, 41.85%, 20, 232, 4, 58.69
1437734048, 0, 1206, 2044, 1997, 304, 41.85%, 20, 232, 4, 119.81
1437734058, 0, 1206, 2044, 1997, 304, 41.85%, 20, 233, 4, 136.29
1437734063, 0, 1206, 2046, 1999, 304, 41.85%, 20, 233, 4, 132.83
1437734069, 0, 1206, 2046, 1999, 304, 41.85%, 20, 234, 4, 141.84
1437734129, 0, 1206, 2046, 1999, 304, 41.85%, 20, 235, 4, 124.37
1437734140, 0, 1206, 2047, 2000, 304, 41.86%, 20, 235, 4, 134.17
1437734150, 0, 1206, 2048, 2001, 304, 41.86%, 20, 235, 4, 132.21
1437734165, 0, 1206, 2048, 2001, 304, 41.86%, 20, 236, 4, 142.85
1437734206, 0, 1206, 2049, 2002, 304, 41.86%, 20, 236, 4, 127.68
1437734211, 0, 1206, 2050, 2003, 304, 41.86%, 20, 236, 4, 127.07
1437734288, 0, 1206, 2051, 2004, 304, 41.87%, 20, 236, 4, 124.05
1437734308, 0, 1206, 2052, 2005, 304, 41.87%, 20, 236, 4, 138.90
1437734349, 0, 1206, 2053, 2006, 304, 41.87%, 20, 236, 4, 129.75
1437734359, 0, 1206, 2053, 2006, 304, 41.87%, 20, 237, 4, 126.22
1437734374, 0, 1206, 2054, 2007, 304, 41.87%, 20, 237, 4, 125.46
1437734390, 0, 1206, 2055, 2008, 304, 41.87%, 20, 237, 4, 122.98
1437734436, 0, 1206, 2056, 2009, 304, 41.87%, 20, 237, 4, 144.87
1437734441, 0, 1206, 2057, 2010, 304, 41.87%, 20, 237, 4, 147.40
1437734497, 0, 1206, 2058, 2011, 304, 41.87%, 20, 237, 4, 133.89
1437734507, 0, 1206, 2059, 2012, 304, 41.87%, 20, 237, 4, 133.69
1437734537, 0, 1206, 2059, 2012, 304, 41.87%, 20, 238, 4, 118.69
1437734548, 0, 1206, 2060, 2013, 304, 41.87%, 20, 238, 4, 120.99
1437734603, 0, 1206, 2061, 2014, 304, 41.87%, 20, 238, 4, 129.31
1437734654, 0, 1206, 2062, 2015, 304, 41.87%, 20, 238, 4, 118.59
1437734674, 0, 1206, 2062, 2015, 304, 41.87%, 20, 239, 4, 127.85
1437734761, 0, 1206, 2063, 2016, 304, 41.87%, 20, 239, 4, 132.76
1437734766, 0, 1206, 2064, 2017, 304, 41.87%, 20, 239, 4, 142.23
1437734807, 0, 1206, 2065, 2018, 304, 41.87%, 20, 240, 4, 126.40
1437734858, 0, 1206, 2066, 2019, 304, 41.87%, 20, 240, 4, 127.86
1437734878, 0, 1206, 2067, 2020, 304, 41.87%, 20, 240, 4, 127.35
1437734894, 0, 1206, 2068, 2021, 304, 41.87%, 20, 240, 4, 141.05
1437734970, 0, 1213, 2068, 2020, 303, 41.87%, 20, 240, 4, 155.85
1437734996, 0, 1213, 2068, 2020, 303, 41.87%, 20, 241, 4, 214.20
1437735006, 0, 1213, 2069, 2021, 303, 41.90%, 20, 241, 4, 211.03
1437735036, 0, 1214, 2069, 2020, 303, 41.90%, 20, 241, 4, 233.71
1437735051, 0, 1214, 2069, 2020, 303, 41.90%, 20, 242, 4, 156.14
1437735149, 0, 1216, 2069, 2019, 302, 41.90%, 20, 242, 4, 135.34
1437735180, 0, 1216, 2069, 2019, 302, 41.90%, 20, 243, 4, 170.68
1437735200, 0, 1216, 2069, 2019, 302, 41.90%, 20, 244, 4, 164.18
1437735256, 0, 1216, 2069, 2019, 302, 41.90%, 20, 245, 4, 29.54
1437735261, 0, 1216, 2069, 2019, 302, 41.90%, 20, 246, 4, 35.19
1437735287, 0, 1216, 2069, 2019, 302, 41.90%, 20, 247, 4, 114.13
1437735302, 0, 1216, 2070, 2020, 302, 41.90%, 20, 247, 4, 103.59
1437735307, 0, 1216, 2070, 2020, 302, 41.90%, 20, 248, 4, 93.45
1437735322, 0, 1216, 2070, 2020, 302, 41.90%, 20, 249, 4, 115.94
1437735332, 0, 1216, 2071, 2021, 302, 41.90%, 20, 249, 4, 99.18
1437735368, 0, 1216, 2072, 2022, 302, 41.91%, 20, 249, 4, 74.70
1437735393, 0, 1216, 2073, 2023, 302, 41.91%, 20, 249, 4, 136.98
1437735424, 0, 1216, 2074, 2024, 302, 41.91%, 20, 249, 4, 93.64
1437735449, 0, 1216, 2074, 2024, 302, 41.91%, 20, 250, 4, 92.70
1437735480, 0, 1216, 2074, 2024, 302, 41.91%, 20, 251, 4, 93.07
1437735516, 0, 1216, 2075, 2025, 302, 41.91%, 20, 251, 4, 91.34
1437735587, 0, 1216, 2075, 2025, 302, 41.91%, 20, 252, 4, 91.20
1437735705, 0, 1216, 2075, 2025, 302, 41.91%, 20, 253, 4, 84.54
1437735710, 0, 1216, 2075, 2025, 302, 41.91%, 20, 254, 4, 19.55
1437735771, 0, 1216, 2075, 2025, 302, 41.91%, 20, 255, 4, 93.02
