# unix_time, cycles_done, cur_path, paths_total, pending_total, pending_favs, map_size, unique_crashes, unique_hangs, max_depth, execs_per_sec, execs_so_far
1439507862, 0, 0, 1, 1, 1, 4.39%, 0, 0, 1, 294.12, 10
1439507867, 0, 0, 76, 76, 1, 6.65%, 0, 0, 2, 302.98, 1606
1439507872, 0, 0, 100, 100, 1, 6.75%, 0, 0, 2, 322.22, 3320
1439507877, 0, 0, 109, 109, 1, 6.79%, 0, 0, 2, 334.49, 5069
1439507882, 0, 0, 121, 121, 1, 6.92%, 0, 0, 2, 321.49, 6706
1439507887, 0, 0, 134, 134, 1, 6.92%, 0, 0, 2, 321.67, 8426
1439507892, 0, 0, 169, 169, 1, 6.96%, 0, 0, 2, 292.25, 9807
1439507898, 0, 0, 172, 172, 1, 6.96%, 0, 0, 2, 324.00, 11512
1439507918, 0, 0, 173, 173, 1, 6.96%, 0, 0, 2, 345.65, 18577
1439507923, 0, 0, 177, 177, 1, 6.96%, 0, 0, 2, 340.64, 20274
1439507928, 0, 0, 179, 179, 1, 6.96%, 0, 0, 2, 349.66, 22103
1439507934, 0, 0, 188, 188, 1, 6.98%, 0, 0, 2, 344.06, 23861
1439507939, 0, 0, 189, 189, 1, 6.98%, 0, 0, 2, 353.34, 25702
1439507949, 0, 0, 195, 195, 1, 6.99%, 0, 0, 2, 346.10, 29116
1439507959, 0, 0, 195, 195, 1, 6.99%, 0, 1, 2, 350.06, 32674
1439507964, 0, 0, 206, 206, 1, 6.99%, 0, 1, 2, 348.13, 34472
1439507969, 0, 0, 228, 228, 1, 7.03%, 0, 1, 2, 315.99, 36006
1439507974, 0, 0, 242, 242, 1, 7.03%, 0, 1, 2, 309.19, 37560
1439507980, 0, 0, 254, 254, 1, 7.04%, 0, 1, 2, 306.27, 39150
1439507985, 0, 0, 265, 265, 1, 7.14%, 0, 1, 2, 308.34, 40754
1439507990, 0, 0, 282, 282, 1, 7.19%, 0, 1, 2, 299.29, 42305
1439507995, 0, 0, 293, 293, 1, 7.20%, 0, 1, 2, 299.30, 43845
1439508000, 0, 0, 302, 302, 1, 7.23%, 0, 1, 2, 303.54, 45384
1439508005, 0, 0, 305, 305, 1, 7.24%, 0, 1, 2, 300.27, 46890
1439508010, 0, 0, 316, 316, 1, 7.25%, 0, 1, 2, 298.93, 48440
1439508015, 0, 0, 328, 328, 1, 7.27%, 0, 1, 2, 300.70, 49955
1439508020, 0, 0, 334, 334, 1, 7.27%, 0, 1, 2, 303.34, 51470
1439508025, 0, 0, 339, 339, 1, 7.27%, 0, 1, 2, 298.75, 52975
1439508031, 0, 0, 343, 343, 1, 7.27%, 0, 1, 2, 302.52, 54548
1439508036, 0, 0, 353, 353, 1, 7.31%, 0, 1, 2, 304.73, 56105
1439508041, 0, 0, 358, 358, 1, 7.32%, 0, 1, 2, 305.49, 57668
1439508046, 0, 0, 361, 361, 1, 7.32%, 0, 1, 2, 304.59, 59216
1439508051, 0, 0, 362, 362, 1, 7.32%, 0, 1, 2, 310.43, 60798
1439508056, 0, 0, 370, 370, 1, 7.52%, 0, 1, 2, 300.37, 62312
1439508061, 0, 0, 376, 376, 1, 7.55%, 0, 1, 2, 301.73, 63824
1439508066, 0, 0, 380, 380, 1, 7.55%, 0, 1, 2, 307.63, 65394
1439508071, 0, 0, 384, 384, 1, 7.56%, 0, 1, 2, 302.36, 66928
1439508076, 0, 0, 388, 388, 1, 7.56%, 0, 1, 2, 306.96, 68528
1439508081, 0, 0, 392, 392, 1, 7.56%, 0, 1, 2, 306.04, 70068
1439508087, 0, 0, 396, 396, 1, 7.56%, 0, 1, 2, 309.75, 71692
1439508092, 0, 0, 398, 398, 1, 7.72%, 0, 1, 2, 307.92, 73296
1439508097, 0, 0, 400, 400, 1, 7.72%, 0, 1, 2, 308.98, 74912
1439508102, 0, 0, 402, 402, 1, 7.72%, 0, 1, 2, 310.38, 76478
1439508107, 0, 0, 403, 403, 1, 7.72%, 0, 1, 2, 308.70, 78038
1439508112, 0, 0, 405, 405, 1, 7.72%, 0, 1, 2, 307.62, 79588
1439508117, 0, 0, 406, 406, 1, 7.72%, 0, 1, 2, 307.19, 81146
1439508122, 0, 0, 408, 408, 1, 7.73%, 0, 1, 2, 302.23, 82684
1439508127, 0, 0, 409, 409, 1, 7.73%, 0, 1, 2, 304.77, 84230
1439508132, 0, 0, 412, 412, 1, 7.73%, 0, 1, 2, 304.43, 85760
1439508137, 0, 0, 416, 416, 1, 7.73%, 0, 1, 2, 301.96, 87252
1439508142, 0, 0, 420, 420, 1, 7.73%, 0, 1, 2, 291.55, 88715
1439508147, 0, 0, 424, 424, 1, 7.73%, 0, 1, 2, 299.93, 90220
1439508152, 0, 0, 426, 426, 1, 7.73%, 0, 1, 2, 301.25, 91744
1439508158, 0, 0, 428, 428, 1, 7.73%, 0, 1, 2, 295.17, 93240
1439508163, 0, 0, 431, 431, 1, 7.73%, 0, 1, 2, 300.47, 94800
1439508168, 0, 0, 433, 433, 1, 7.73%, 0, 1, 2, 297.62, 96340
1439508178, 0, 0, 436, 436, 1, 7.74%, 0, 1, 2, 299.57, 99430
1439508183, 0, 0, 438, 438, 1, 7.74%, 0, 1, 2, 301.11, 100984
1439508193, 0, 0, 440, 440, 1, 7.74%, 0, 1, 2, 302.32, 104082
1439508198, 0, 0, 443, 443, 1, 7.74%, 0, 1, 2, 302.88, 105606
1439508214, 0, 0, 449, 449, 1, 7.75%, 0, 1, 2, 301.13, 110208
1439508219, 0, 0, 451, 451, 1, 7.75%, 0, 1, 2, 294.85, 111705
1439508229, 0, 0, 452, 452, 1, 7.75%, 0, 1, 2, 304.69, 114774
1439508239, 0, 0, 453, 453, 1, 7.75%, 0, 1, 2, 305.90, 117892
1439508244, 0, 0, 456, 456, 1, 7.75%, 0, 1, 2, 303.50, 119434
1439508249, 0, 0, 460, 460, 1, 7.76%, 0, 1, 2, 306.45, 120992
1439508254, 0, 0, 463, 463, 1, 7.76%, 0, 1, 2, 307.56, 122546
1439508264, 0, 0, 465, 465, 1, 7.76%, 0, 1, 2, 307.75, 125680
1439508269, 0, 0, 467, 467, 1, 7.76%, 0, 1, 2, 305.79, 127218
1439508280, 0, 0, 469, 469, 1, 7.76%, 0, 2, 2, 298.59, 130285
1439508295, 0, 0, 470, 470, 1, 7.76%, 0, 2, 2, 303.25, 134814
1439508300, 0, 0, 475, 475, 1, 7.76%, 0, 2, 2, 304.34, 136346
1439508310, 0, 0, 476, 476, 1, 7.76%, 0, 2, 2, 307.85, 139446
1439508315, 0, 0, 478, 478, 1, 7.76%, 0, 2, 2, 308.89, 141002
1439508320, 0, 0, 479, 479, 1, 7.76%, 0, 2, 2, 311.55, 142578
1439508335, 0, 0, 481, 481, 1, 7.76%, 0, 2, 2, 302.65, 147020
1439508340, 0, 0, 483, 483, 1, 7.76%, 0, 2, 2, 301.28, 148564
1439508355, 0, 0, 484, 484, 1, 7.76%, 0, 2, 2, 297.24, 153145
1439508360, 0, 0, 485, 485, 1, 7.76%, 0, 2, 2, 303.75, 154680
1439508366, 0, 0, 487, 487, 1, 7.76%, 0, 2, 2, 306.34, 156230
1439508371, 0, 0, 489, 489, 1, 7.76%, 0, 2, 2, 305.13, 157768
1439508376, 0, 0, 490, 490, 1, 7.76%, 0, 2, 2, 299.79, 159280
1439508386, 0, 0, 492, 492, 1, 7.76%, 0, 2, 2, 305.72, 162364
1439508391, 0, 0, 493, 493, 1, 7.76%, 0, 2, 2, 304.68, 163940
1439508401, 0, 0, 495, 495, 1, 8.12%, 0, 2, 2, 301.15, 167014
1439508416, 0, 0, 496, 496, 1, 8.12%, 0, 2, 2, 304.82, 171656
1439508421, 0, 0, 497, 497, 1, 8.12%, 0, 2, 2, 303.83, 173184
1439508431, 0, 0, 498, 498, 1, 8.12%, 0, 2, 2, 301.36, 176260
1439508437, 0, 0, 499, 499, 1, 8.12%, 0, 2, 2, 300.92, 177764
1439508442, 0, 0, 502, 502, 1, 8.40%, 0, 2, 2, 292.85, 179270
1439508447, 0, 0, 503, 503, 1, 8.40%, 0, 2, 2, 296.39, 180800
1439508452, 0, 0, 505, 505, 1, 8.40%, 0, 2, 2, 295.42, 182270
1439508457, 0, 0, 507, 507, 1, 8.40%, 0, 2, 2, 297.56, 183820
1439508482, 0, 0, 509, 509, 1, 8.42%, 0, 2, 2, 299.63, 191405
1439508498, 0, 0, 510, 510, 1, 8.42%, 0, 2, 2, 295.02, 195985
1439508503, 0, 0, 510, 509, 0, 8.42%, 0, 2, 2, 302.84, 197528
1439508508, 0, 0, 571, 570, 0, 9.45%, 0, 2, 2, 244.56, 198680
1439508513, 0, 0, 643, 642, 0, 9.73%, 0, 2, 2, 254.43, 200059
1439508518, 0, 9, 675, 674, 130, 9.90%, 0, 3, 2, 273.27, 201438
1439508564, 0, 17, 675, 673, 129, 9.90%, 0, 3, 2, 357.99, 217095
1439508579, 0, 17, 676, 674, 129, 9.90%, 0, 3, 3, 371.38, 222743
1439508615, 0, 32, 676, 673, 128, 9.90%, 0, 3, 3, 333.66, 234830
1439508666, 0, 93, 676, 672, 127, 9.90%, 0, 3, 3, 277.47, 251832
1439508671, 0, 93, 677, 673, 127, 9.90%, 0, 3, 3, 224.65, 252918
1439508696, 0, 93, 678, 674, 127, 9.91%, 0, 3, 3, 221.05, 258445
1439508737, 0, 93, 678, 674, 127, 9.91%, 0, 4, 3, 193.98, 267248
1439508742, 0, 93, 678, 674, 127, 9.91%, 0, 5, 3, 239.84, 268468
1439508762, 0, 93, 679, 675, 127, 9.91%, 0, 5, 3, 259.66, 273195
1439508778, 0, 93, 679, 675, 127, 9.91%, 0, 7, 3, 215.38, 276608
1439508783, 0, 93, 679, 675, 127, 9.91%, 0, 8, 3, 231.25, 277644
1439508788, 0, 93, 680, 676, 127, 9.91%, 0, 8, 3, 283.68, 279230
1439508793, 0, 93, 681, 677, 127, 9.91%, 0, 8, 3, 268.43, 280668
1439508818, 0, 93, 682, 678, 127, 9.91%, 0, 8, 3, 285.62, 287133
1439508824, 0, 93, 683, 679, 127, 9.91%, 0, 8, 3, 292.99, 288658
1439508839, 0, 93, 686, 682, 127, 9.91%, 0, 8, 3, 286.85, 293153
1439508844, 0, 93, 687, 683, 127, 9.91%, 0, 8, 3, 287.71, 294643
1439508854, 0, 93, 688, 684, 127, 9.91%, 0, 8, 3, 295.30, 297608
1439508864, 0, 93, 689, 685, 127, 9.91%, 0, 8, 3, 290.54, 300523
1439508869, 0, 93, 690, 686, 127, 9.91%, 0, 8, 3, 293.21, 302043
1439508875, 0, 93, 691, 687, 127, 9.91%, 0, 8, 3, 295.16, 303583
1439508880, 0, 93, 692, 688, 127, 9.91%, 0, 8, 3, 291.64, 305028
1439508910, 0, 93, 693, 689, 127, 9.91%, 0, 8, 3, 293.07, 313938
1439508931, 0, 93, 694, 690, 127, 9.91%, 0, 8, 3, 290.11, 319963
1439508941, 0, 93, 695, 691, 127, 9.91%, 0, 8, 3, 289.72, 322973
1439508972, 0, 93, 696, 692, 127, 9.91%, 0, 8, 3, 286.79, 331808
1439509008, 0, 93, 697, 693, 127, 9.91%, 0, 8, 3, 289.58, 342388
1439509013, 0, 93, 698, 694, 127, 9.91%, 0, 8, 3, 287.07, 343833
1439509023, 0, 93, 699, 695, 127, 9.91%, 0, 8, 3, 288.58, 346833
1439509029, 0, 93, 700, 696, 127, 9.91%, 0, 8, 3, 290.61, 348333
1439509039, 0, 93, 704, 700, 127, 9.93%, 0, 8, 3, 283.33, 351263
1439509065, 0, 93, 705, 701, 127, 9.93%, 0, 8, 3, 288.18, 358783
1439509121, 0, 93, 706, 702, 127, 9.93%, 0, 8, 3, 291.53, 375013
1439509157, 0, 93, 707, 703, 127, 9.94%, 0, 8, 3, 293.92, 385503
1439509167, 0, 93, 708, 704, 127, 9.94%, 0, 8, 3, 279.34, 388418
1439509183, 0, 93, 708, 704, 127, 9.94%, 0, 9, 3, 252.56, 392393
1439509188, 0, 93, 708, 704, 127, 9.94%, 0, 10, 3, 205.18, 393542
1439509193, 0, 93, 708, 704, 127, 9.94%, 0, 12, 3, 224.87, 394674
1439509208, 0, 93, 709, 705, 127, 9.94%, 0, 12, 3, 284.55, 398998
1439509229, 0, 93, 710, 706, 127, 9.94%, 0, 12, 3, 292.29, 404973
1439509249, 0, 93, 711, 707, 127, 9.94%, 0, 12, 3, 287.88, 410923
1439509259, 0, 93, 712, 708, 127, 9.94%, 0, 12, 3, 285.37, 413828
1439509265, 0, 93, 712, 708, 127, 9.94%, 0, 13, 3, 288.90, 415333
1439509285, 0, 93, 713, 709, 127, 9.94%, 0, 13, 3, 291.27, 421338
1439509301, 0, 93, 714, 710, 127, 9.94%, 0, 13, 3, 295.99, 425863
1439509337, 0, 93, 715, 711, 127, 9.94%, 0, 14, 3, 286.09, 435753
1439509352, 0, 93, 716, 712, 127, 9.95%, 0, 14, 3, 266.24, 439993
1439509357, 0, 93, 717, 713, 127, 9.95%, 0, 14, 3, 283.55, 441488
1439509368, 0, 119, 719, 714, 127, 9.95%, 0, 14, 3, 281.94, 444262
1439509373, 0, 119, 720, 715, 127, 9.95%, 0, 14, 3, 341.15, 446072
1439509378, 0, 119, 726, 721, 127, 9.95%, 0, 14, 3, 345.38, 447855
1439509383, 0, 119, 726, 721, 127, 9.95%, 0, 16, 3, 332.17, 449031
1439509424, 0, 119, 727, 722, 127, 9.95%, 0, 16, 3, 318.04, 463406
1439509429, 0, 119, 732, 727, 127, 9.95%, 0, 16, 3, 312.17, 465028
1439509434, 0, 119, 734, 729, 127, 9.95%, 0, 16, 3, 313.25, 466608
1439509439, 0, 119, 738, 733, 127, 10.01%, 0, 16, 3, 311.29, 468166
1439509444, 0, 119, 740, 735, 127, 10.01%, 0, 16, 3, 315.44, 469746
1439509449, 0, 119, 743, 738, 127, 10.03%, 0, 16, 3, 312.75, 471318
1439509454, 0, 119, 746, 741, 127, 10.03%, 0, 16, 3, 317.39, 472962
1439509459, 0, 119, 750, 745, 127, 10.03%, 0, 16, 3, 318.20, 474616
1439509465, 0, 119, 751, 746, 127, 10.03%, 0, 17, 3, 311.47, 476240
1439509470, 0, 119, 753, 748, 127, 10.03%, 0, 17, 3, 311.84, 477808
1439509475, 0, 119, 755, 750, 127, 10.03%, 0, 17, 3, 300.54, 479308
1439509480, 0, 119, 757, 752, 127, 10.03%, 0, 17, 3, 309.96, 480938
1439509490, 0, 119, 763, 758, 127, 10.10%, 0, 17, 3, 311.59, 484148
1439509495, 0, 119, 765, 760, 127, 10.10%, 0, 17, 3, 314.65, 485770
1439509500, 0, 119, 766, 761, 127, 10.10%, 0, 17, 3, 316.97, 487424
1439509506, 0, 119, 770, 765, 127, 10.11%, 0, 17, 3, 317.47, 489066
1439509511, 0, 119, 773, 768, 127, 10.11%, 0, 17, 3, 314.99, 490644
1439509521, 0, 119, 775, 770, 127, 10.11%, 0, 17, 3, 318.44, 493934
1439509526, 0, 119, 776, 771, 127, 10.11%, 0, 17, 3, 316.47, 495582
1439509536, 0, 119, 779, 774, 127, 10.11%, 0, 17, 3, 318.22, 498822
1439509541, 0, 119, 780, 775, 127, 10.12%, 0, 17, 3, 315.86, 500404
1439509547, 0, 119, 781, 776, 127, 10.12%, 0, 17, 3, 317.42, 502052
1439509557, 0, 119, 782, 777, 127, 10.12%, 0, 17, 3, 318.46, 505284
1439509562, 0, 119, 783, 778, 127, 10.12%, 0, 18, 3, 310.78, 506860
1439509567, 0, 119, 785, 780, 127, 10.12%, 0, 18, 3, 314.19, 508434
1439509572, 0, 119, 787, 782, 127, 10.12%, 0, 18, 3, 312.38, 509990
1439509577, 0, 119, 787, 782, 127, 10.12%, 0, 19, 3, 312.53, 511568
1439509582, 0, 119, 789, 784, 127, 10.12%, 0, 19, 3, 312.44, 513118
1439509592, 0, 119, 792, 787, 127, 10.12%, 0, 19, 3, 290.03, 516103
1439509597, 0, 119, 797, 792, 127, 10.13%, 0, 19, 3, 288.21, 517523
1439509602, 0, 119, 797, 792, 127, 10.13%, 0, 20, 3, 291.61, 518988
1439509612, 0, 119, 798, 793, 127, 10.13%, 0, 20, 3, 305.22, 522010
1439509622, 0, 119, 799, 794, 127, 10.13%, 0, 20, 3, 309.57, 525170
1439509627, 0, 119, 799, 794, 127, 10.13%, 0, 21, 3, 307.75, 526718
1439509632, 0, 119, 801, 796, 127, 10.13%, 0, 21, 3, 311.26, 528298
1439509643, 0, 119, 802, 797, 127, 10.13%, 0, 21, 3, 308.82, 531398
1439509648, 0, 119, 805, 800, 127, 10.13%, 0, 21, 3, 311.30, 532964
1439509658, 0, 119, 806, 801, 127, 10.13%, 0, 21, 3, 313.63, 536178
1439509663, 0, 119, 807, 802, 127, 10.13%, 0, 21, 3, 287.26, 537603
1439509668, 0, 119, 808, 803, 127, 10.13%, 0, 21, 3, 272.76, 539028
1439509673, 0, 119, 809, 804, 127, 10.13%, 0, 21, 3, 273.13, 540393
1439509683, 0, 119, 810, 805, 127, 10.13%, 0, 21, 3, 280.10, 543263
1439509688, 0, 119, 812, 807, 127, 10.14%, 0, 21, 3, 276.66, 544643
1439509694, 0, 119, 813, 808, 127, 10.14%, 0, 21, 3, 307.01, 546256
1439509699, 0, 119, 814, 809, 127, 10.14%, 0, 21, 3, 311.82, 547826
1439509709, 0, 119, 816, 811, 127, 10.14%, 0, 21, 3, 312.80, 551044
1439509729, 0, 119, 817, 812, 127, 10.14%, 0, 21, 3, 313.45, 557396
1439509739, 0, 119, 818, 813, 127, 10.14%, 0, 21, 3, 313.36, 560610
1439509744, 0, 119, 819, 814, 127, 10.14%, 0, 22, 3, 314.57, 562246
1439509750, 0, 119, 819, 814, 127, 10.14%, 0, 23, 3, 312.38, 563800
1439509760, 0, 119, 820, 815, 127, 10.14%, 0, 23, 3, 312.59, 566948
1439509765, 0, 119, 822, 817, 127, 10.14%, 0, 23, 3, 316.83, 568594
1439509770, 0, 119, 824, 819, 127, 10.14%, 0, 23, 3, 317.42, 570222
1439509785, 0, 119, 827, 822, 127, 10.15%, 0, 23, 3, 320.42, 575064
1439509806, 0, 119, 829, 824, 127, 10.17%, 0, 23, 3, 313.93, 581612
1439509821, 0, 119, 830, 825, 127, 10.17%, 0, 23, 3, 317.56, 586374
1439509826, 0, 119, 833, 828, 127, 10.17%, 0, 23, 3, 316.50, 588006
1439509836, 0, 119, 833, 828, 127, 10.17%, 0, 24, 3, 315.44, 591240
1439509842, 0, 119, 834, 829, 127, 10.17%, 0, 24, 3, 314.58, 592870
1439509847, 0, 119, 835, 830, 127, 10.17%, 0, 24, 3, 313.42, 594506
1439509857, 0, 119, 837, 832, 127, 10.17%, 0, 24, 3, 317.63, 597748
1439509862, 0, 119, 838, 833, 127, 10.17%, 1, 24, 3, 312.18, 599366
1439509888, 0, 119, 842, 837, 127, 10.17%, 1, 25, 3, 316.65, 607482
1439509893, 0, 119, 843, 838, 127, 10.18%, 1, 25, 3, 316.20, 609124
1439509898, 0, 119, 844, 839, 127, 10.23%, 1, 25, 3, 316.58, 610766
1439509918, 0, 119, 845, 840, 127, 10.23%, 1, 25, 3, 314.78, 617178
1439509928, 0, 119, 846, 841, 127, 10.23%, 1, 25, 3, 311.55, 620332
1439509934, 0, 119, 847, 842, 127, 10.23%, 1, 25, 3, 313.92, 621962
1439509939, 0, 119, 903, 897, 126, 10.73%, 3, 25, 3, 264.15, 623275
1439509944, 0, 132, 916, 910, 168, 10.74%, 4, 25, 3, 246.45, 624513
1439510021, 0, 132, 916, 910, 168, 10.74%, 4, 26, 3, 209.56, 641498
1439510051, 0, 189, 916, 909, 169, 10.74%, 4, 26, 3, 324.93, 649483
1439510091, 0, 195, 916, 908, 167, 10.74%, 4, 26, 3, 319.10, 662741
1439510205, 0, 199, 916, 907, 166, 10.74%, 4, 26, 3, 342.23, 700716
1439510245, 0, 199, 917, 908, 166, 10.74%, 4, 26, 3, 320.68, 714983
1439510260, 0, 199, 918, 909, 166, 10.74%, 4, 26, 3, 315.23, 719721
1439510275, 0, 199, 919, 910, 166, 10.74%, 4, 26, 3, 313.09, 724447
1439510291, 0, 199, 920, 911, 166, 10.74%, 4, 26, 3, 308.78, 729167
1439510321, 0, 199, 921, 912, 166, 10.74%, 4, 26, 3, 314.59, 738615
1439510336, 0, 199, 922, 913, 166, 10.74%, 4, 26, 3, 313.91, 743425
1439510397, 0, 199, 923, 914, 166, 10.74%, 4, 26, 3, 312.10, 762383
1439510493, 0, 199, 924, 915, 166, 10.74%, 4, 26, 3, 311.49, 792105
1439510726, 0, 199, 925, 916, 166, 10.74%, 4, 26, 3, 310.09, 863557
1439510761, 0, 200, 925, 915, 169, 10.74%, 4, 26, 3, 276.85, 874378
1439510787, 0, 201, 970, 959, 184, 11.61%, 5, 32, 3, 128.17, 880692
1439510807, 0, 206, 970, 958, 183, 11.61%, 5, 32, 3, 280.82, 886198
1439510899, 0, 217, 970, 957, 182, 11.61%, 5, 32, 3, 226.08, 913963
1439511098, 0, 220, 970, 956, 182, 11.61%, 5, 32, 3, 309.18, 951004
1439511123, 0, 226, 970, 955, 181, 11.61%, 5, 32, 3, 282.91, 958571
1439511170, 0, 226, 971, 956, 181, 11.61%, 5, 32, 3, 308.83, 974293
1439511175, 0, 226, 971, 956, 181, 11.61%, 5, 35, 3, 295.48, 975750
1439511200, 0, 230, 992, 976, 185, 13.24%, 5, 37, 3, 228.56, 982992
1439511225, 0, 230, 992, 976, 185, 13.24%, 5, 38, 3, 227.17, 988551
1439511359, 0, 230, 993, 977, 185, 13.24%, 5, 38, 3, 293.22, 1020901
1439511384, 0, 251, 993, 976, 184, 13.24%, 5, 38, 3, 276.50, 1028296
1439511405, 0, 257, 993, 975, 183, 13.24%, 5, 38, 3, 349.19, 1034230
1439511466, 0, 259, 993, 974, 182, 13.24%, 5, 38, 3, 348.80, 1056606
1439511543, 0, 267, 993, 973, 181, 13.24%, 5, 38, 3, 293.42, 1083433
1439511548, 0, 267, 993, 973, 181, 13.24%, 5, 39, 3, 240.02, 1084573
1439511675, 0, 267, 994, 974, 181, 13.24%, 5, 39, 3, 296.33, 1114073
1439511711, 0, 271, 1007, 986, 184, 14.03%, 5, 39, 3, 222.88, 1124306
1439511741, 0, 271, 1008, 987, 184, 14.03%, 5, 39, 3, 222.25, 1130870
1439511746, 0, 271, 1009, 988, 184, 14.03%, 5, 39, 3, 232.88, 1132159
1439511776, 0, 271, 1009, 988, 184, 14.03%, 5, 40, 3, 234.79, 1139004
1439511802, 0, 271, 1009, 988, 184, 14.03%, 5, 41, 3, 271.01, 1145109
1439511817, 0, 278, 1009, 987, 183, 14.03%, 5, 41, 3, 329.46, 1149738
1439511822, 0, 278, 1010, 988, 183, 14.03%, 5, 41, 3, 339.38, 1151455
1439511925, 0, 294, 1010, 987, 182, 14.03%, 5, 41, 3, 300.54, 1186085
1439511945, 0, 318, 1010, 986, 181, 14.03%, 5, 41, 3, 256.34, 1191452
1439511955, 0, 318, 1010, 986, 181, 14.03%, 5, 42, 3, 214.82, 1193617
1439512021, 0, 318, 1011, 987, 181, 14.03%, 5, 42, 3, 258.65, 1209287
1439512031, 0, 318, 1012, 988, 181, 14.03%, 5, 42, 3, 273.66, 1212087
1439512036, 0, 318, 1013, 989, 181, 14.03%, 5, 42, 3, 273.09, 1213452
1439512138, 0, 318, 1014, 990, 181, 14.03%, 5, 42, 3, 278.58, 1241217
1439512168, 0, 318, 1015, 991, 181, 14.03%, 5, 42, 3, 278.53, 1249782
1439512331, 0, 318, 1016, 992, 181, 14.03%, 5, 42, 3, 272.14, 1292532
1439512433, 0, 318, 1017, 993, 181, 14.04%, 5, 43, 3, 273.36, 1320332
1439512458, 0, 318, 1018, 994, 181, 14.04%, 5, 43, 3, 279.98, 1327322
1439512544, 0, 318, 1019, 995, 181, 14.04%, 5, 43, 3, 278.68, 1351302
1439512600, 0, 318, 1020, 996, 181, 14.04%, 5, 43, 3, 264.13, 1366547
1439512605, 0, 333, 1020, 995, 185, 14.04%, 5, 43, 3, 227.72, 1367692
1439512666, 0, 333, 1051, 1025, 184, 14.65%, 5, 43, 3, 214.85, 1384934
1439512671, 0, 339, 1126, 1100, 203, 14.91%, 5, 43, 3, 216.34, 1386001
1439512676, 0, 339, 1127, 1101, 203, 14.91%, 5, 43, 3, 201.26, 1387012
1439512707, 0, 339, 1129, 1103, 203, 14.91%, 5, 43, 3, 189.34, 1393072
1439512728, 0, 339, 1130, 1104, 203, 14.91%, 5, 43, 3, 219.96, 1397441
1439512748, 0, 339, 1130, 1104, 203, 14.91%, 5, 44, 3, 221.13, 1401865
1439512763, 0, 339, 1131, 1105, 203, 14.91%, 5, 44, 3, 251.82, 1405719
1439512779, 0, 339, 1132, 1106, 203, 14.91%, 5, 44, 3, 268.41, 1409809
1439512794, 0, 339, 1133, 1107, 203, 14.91%, 5, 44, 3, 211.88, 1413243
1439512830, 0, 339, 1134, 1108, 203, 14.91%, 5, 44, 3, 271.06, 1422204
1439512902, 0, 339, 1135, 1109, 203, 14.91%, 5, 44, 3, 270.26, 1441494
1439512907, 0, 339, 1136, 1110, 203, 14.91%, 5, 44, 3, 269.64, 1442889
1439512942, 0, 339, 1137, 1111, 203, 14.91%, 5, 44, 3, 267.46, 1452354
1439512983, 0, 339, 1138, 1112, 203, 14.91%, 5, 44, 3, 266.76, 1463269
1439513003, 0, 339, 1139, 1113, 203, 14.91%, 5, 44, 3, 264.26, 1468704
1439513018, 0, 339, 1140, 1114, 203, 14.91%, 5, 44, 3, 271.42, 1472764
1439513029, 0, 339, 1141, 1115, 203, 14.91%, 5, 44, 3, 269.06, 1475514
1439513110, 0, 339, 1142, 1116, 203, 14.91%, 5, 44, 3, 265.27, 1497409
1439513115, 0, 339, 1143, 1117, 203, 14.91%, 5, 44, 3, 269.50, 1498814
1439513181, 0, 339, 1144, 1118, 203, 14.91%, 5, 44, 3, 263.70, 1516479
1439513303, 0, 339, 1145, 1119, 203, 14.91%, 5, 44, 3, 262.99, 1548904
1439513344, 0, 339, 1146, 1120, 203, 14.91%, 5, 44, 3, 264.39, 1559754
1439513354, 0, 342, 1146, 1119, 203, 14.91%, 5, 44, 3, 324.21, 1562768
1439513400, 0, 343, 1146, 1118, 202, 14.91%, 5, 44, 3, 335.29, 1578446
1439513436, 0, 343, 1147, 1119, 202, 14.91%, 5, 44, 3, 290.52, 1590046
1439513462, 0, 348, 1147, 1118, 203, 14.91%, 5, 44, 3, 293.21, 1597600
1439513477, 0, 348, 1148, 1119, 203, 14.91%, 5, 44, 3, 313.55, 1602308
1439513548, 0, 348, 1150, 1121, 203, 14.91%, 5, 44, 3, 302.88, 1624503
1439513563, 0, 348, 1151, 1122, 203, 14.91%, 5, 44, 3, 302.60, 1629097
1439513639, 0, 348, 1152, 1123, 203, 14.91%, 5, 44, 3, 302.67, 1651907
1439513655, 0, 348, 1153, 1124, 203, 14.91%, 5, 44, 3, 294.69, 1656244
1439513700, 0, 348, 1154, 1125, 203, 14.91%, 5, 44, 3, 291.95, 1669889
1439513725, 0, 348, 1155, 1126, 203, 14.91%, 5, 44, 3, 307.02, 1677515
1439513750, 0, 348, 1156, 1127, 203, 14.91%, 5, 44, 3, 301.80, 1685151
1439513817, 0, 348, 1157, 1128, 203, 14.91%, 5, 44, 3, 297.64, 1705044
1439513930, 0, 348, 1158, 1129, 203, 14.91%, 5, 44, 3, 292.16, 1738714
1439514069, 0, 351, 1158, 1128, 201, 14.91%, 5, 44, 3, 274.57, 1779811
1439514094, 0, 351, 1164, 1134, 201, 14.91%, 5, 44, 3, 213.54, 1785451
1439514180, 0, 351, 1164, 1134, 201, 14.91%, 5, 45, 3, 194.92, 1805074
1439514231, 0, 351, 1223, 1192, 200, 15.19%, 5, 46, 3, 234.47, 1819102
1439514236, 0, 352, 1252, 1221, 227, 15.42%, 5, 47, 3, 276.56, 1820360
1439514297, 0, 357, 1252, 1220, 226, 15.42%, 5, 47, 3, 301.39, 1839956
1439514358, 0, 364, 1252, 1219, 225, 15.42%, 5, 47, 3, 327.78, 1858986
1439514409, 0, 371, 1252, 1218, 224, 15.42%, 5, 47, 3, 281.04, 1875787
1439514450, 0, 375, 1252, 1217, 223, 15.42%, 5, 47, 3, 235.84, 1886504
1439514455, 0, 375, 1252, 1217, 223, 15.42%, 5, 48, 3, 226.65, 1887588
1439514486, 0, 375, 1253, 1218, 223, 15.42%, 5, 48, 3, 257.25, 1894504
1439514506, 0, 375, 1253, 1218, 223, 15.42%, 5, 49, 3, 203.52, 1898967
1439514531, 0, 375, 1254, 1219, 223, 15.43%, 5, 49, 3, 225.22, 1904456
1439514542, 0, 375, 1255, 1220, 223, 15.43%, 5, 49, 3, 232.74, 1906806
1439514547, 0, 375, 1255, 1220, 223, 15.43%, 5, 50, 3, 204.19, 1907816
1439514623, 0, 386, 1289, 1253, 229, 15.79%, 5, 50, 3, 256.57, 1927879
1439514710, 0, 411, 1289, 1252, 229, 15.79%, 5, 50, 3, 328.93, 1952592
1439514715, 0, 411, 1290, 1253, 229, 15.79%, 5, 50, 3, 345.85, 1954416
1439514781, 0, 434, 1290, 1252, 229, 15.79%, 5, 50, 3, 306.62, 1976354
1439514827, 0, 444, 1290, 1251, 228, 15.79%, 5, 50, 3, 298.63, 1991973
1439514883, 0, 448, 1290, 1250, 227, 15.79%, 5, 50, 3, 302.82, 2010145
1439514954, 0, 448, 1311, 1270, 227, 15.88%, 5, 51, 3, 225.14, 2030234
1439514959, 0, 459, 1326, 1285, 228, 15.95%, 5, 51, 3, 307.34, 2031749
1439515010, 0, 462, 1327, 1285, 227, 15.95%, 5, 51, 3, 297.44, 2049027
1439515149, 0, 481, 1327, 1284, 226, 15.95%, 5, 51, 3, 271.42, 2088632
1439515210, 0, 481, 1327, 1284, 226, 15.95%, 5, 52, 3, 307.45, 2106569
1439515245, 0, 488, 1327, 1283, 225, 15.95%, 5, 52, 3, 269.54, 2117256
1439515276, 0, 488, 1327, 1283, 225, 15.95%, 5, 53, 3, 253.83, 2124968
1439515357, 0, 506, 1327, 1282, 224, 15.95%, 5, 53, 3, 269.10, 2146055
1439515377, 0, 506, 1344, 1298, 223, 15.99%, 5, 53, 3, 245.18, 2151150
1439515382, 0, 507, 1360, 1314, 231, 15.99%, 5, 53, 3, 308.88, 2152693
1439515397, 0, 507, 1361, 1315, 231, 15.99%, 6, 53, 3, 301.71, 2157621
1439515403, 0, 507, 1363, 1317, 231, 16.00%, 6, 54, 3, 289.25, 2159100
1439515408, 0, 507, 1364, 1318, 231, 16.00%, 7, 54, 3, 295.31, 2160625
1439515413, 0, 507, 1364, 1318, 231, 16.00%, 7, 55, 3, 301.14, 2162139
1439515418, 0, 507, 1364, 1318, 231, 16.00%, 8, 55, 3, 301.83, 2163669
1439515428, 0, 507, 1364, 1318, 231, 16.00%, 9, 55, 3, 298.92, 2166740
1439515433, 0, 507, 1364, 1318, 231, 16.00%, 10, 55, 3, 302.82, 2168325
1439515469, 0, 507, 1365, 1319, 231, 16.00%, 11, 55, 3, 299.41, 2179045
1439515479, 0, 507, 1365, 1319, 231, 16.00%, 12, 55, 3, 293.56, 2182085
1439515525, 0, 507, 1365, 1319, 231, 16.00%, 13, 55, 3, 308.15, 2195785
1439515560, 0, 507, 1365, 1319, 231, 16.00%, 13, 56, 3, 301.78, 2206639
1439515616, 0, 507, 1366, 1320, 231, 16.00%, 13, 56, 3, 305.30, 2223383
1439515672, 0, 507, 1366, 1320, 231, 16.00%, 13, 57, 3, 256.96, 2239640
1439515728, 0, 507, 1367, 1321, 231, 16.00%, 13, 57, 3, 245.82, 2253249
1439515840, 0, 507, 1367, 1321, 231, 16.00%, 13, 58, 3, 281.30, 2283985
1439515962, 0, 514, 1367, 1320, 234, 16.00%, 13, 58, 3, 272.52, 2317771
1439515987, 0, 514, 1367, 1320, 234, 16.00%, 13, 59, 3, 267.32, 2324485
1439516018, 0, 514, 1367, 1320, 234, 16.00%, 13, 60, 3, 268.36, 2332620
1439516145, 0, 523, 1367, 1319, 233, 16.00%, 13, 60, 3, 245.13, 2367924
1439516191, 0, 523, 1367, 1319, 233, 16.00%, 13, 61, 3, 204.25, 2377609
1439516312, 0, 523, 1368, 1320, 233, 16.00%, 13, 61, 3, 264.94, 2404528
1439516333, 0, 526, 1368, 1319, 232, 16.00%, 13, 61, 3, 307.79, 2410221
1439516373, 0, 526, 1368, 1319, 232, 16.00%, 13, 62, 3, 322.27, 2423359
1439516419, 0, 529, 1368, 1318, 231, 16.00%, 13, 62, 3, 289.09, 2437227
1439516449, 0, 529, 1372, 1321, 230, 16.01%, 13, 62, 3, 268.81, 2445853
1439516455, 0, 529, 1421, 1370, 230, 16.49%, 13, 62, 3, 220.33, 2446824
1439516460, 0, 555, 1448, 1397, 251, 16.76%, 13, 62, 3, 249.02, 2447946
1439516546, 0, 556, 1448, 1396, 250, 16.76%, 13, 62, 3, 301.72, 2474826
1439516647, 0, 561, 1448, 1395, 249, 16.76%, 13, 62, 3, 265.57, 2506874
1439516811, 0, 561, 1449, 1396, 249, 16.76%, 13, 62, 3, 260.44, 2545867
1439516836, 0, 581, 1449, 1395, 249, 16.76%, 13, 62, 3, 250.35, 2552300
1439516882, 0, 581, 1449, 1395, 249, 16.76%, 13, 63, 3, 275.64, 2564792
1439516958, 0, 582, 1449, 1394, 248, 16.76%, 13, 63, 3, 242.05, 2583337
1439516989, 0, 595, 1468, 1412, 254, 16.87%, 13, 65, 3, 219.45, 2590604
1439516994, 0, 595, 1468, 1412, 254, 16.87%, 13, 66, 3, 214.72, 2591662
1439516999, 0, 595, 1469, 1413, 254, 16.87%, 13, 67, 3, 222.96, 2592835
1439517004, 0, 595, 1470, 1414, 254, 16.87%, 13, 68, 3, 221.71, 2593977
1439517009, 0, 595, 1470, 1414, 254, 16.87%, 13, 73, 3, 215.07, 2595037
1439517019, 0, 595, 1470, 1414, 254, 16.87%, 13, 74, 3, 209.69, 2597221
1439517039, 0, 595, 1471, 1415, 254, 16.87%, 13, 74, 3, 219.89, 2601579
1439517044, 0, 595, 1471, 1415, 254, 16.87%, 13, 75, 3, 218.41, 2602679
1439517050, 0, 595, 1471, 1415, 254, 16.87%, 13, 77, 3, 209.47, 2603739
1439517055, 0, 595, 1471, 1415, 254, 16.87%, 13, 78, 3, 210.00, 2604787
1439517060, 0, 595, 1471, 1415, 254, 16.87%, 13, 79, 3, 211.79, 2605891
1439517080, 0, 595, 1472, 1416, 254, 16.87%, 13, 79, 3, 217.45, 2610105
1439517095, 0, 595, 1473, 1417, 254, 16.87%, 13, 79, 3, 214.14, 2613363
1439517172, 0, 595, 1473, 1417, 254, 16.87%, 13, 80, 3, 216.42, 2629511
1439517177, 0, 595, 1473, 1417, 254, 16.87%, 13, 81, 3, 217.96, 2630591
1439517192, 0, 595, 1473, 1417, 254, 16.87%, 13, 82, 3, 216.99, 2633875
1439517218, 0, 595, 1474, 1418, 254, 16.88%, 13, 82, 3, 209.94, 2639281
1439517238, 0, 595, 1474, 1418, 254, 16.88%, 13, 83, 3, 220.16, 2643721
1439517288, 0, 595, 1476, 1420, 254, 16.88%, 13, 83, 3, 215.16, 2654717
1439517303, 0, 595, 1477, 1421, 254, 16.88%, 13, 83, 3, 214.18, 2657967
1439517329, 0, 595, 1478, 1422, 254, 16.88%, 13, 83, 3, 211.02, 2663237
1439517349, 0, 595, 1479, 1423, 254, 16.88%, 13, 83, 3, 210.17, 2667671
1439517369, 0, 595, 1481, 1425, 254, 16.88%, 13, 83, 3, 215.17, 2672023
1439517395, 0, 595, 1482, 1426, 254, 16.88%, 13, 83, 3, 214.85, 2677485
1439517410, 0, 595, 1483, 1427, 254, 16.88%, 13, 83, 3, 210.08, 2680783
1439517471, 0, 595, 1484, 1428, 254, 16.88%, 13, 83, 3, 210.09, 2693837
1439517521, 0, 595, 1484, 1428, 254, 16.88%, 13, 84, 3, 217.70, 2704677
1439517526, 0, 595, 1485, 1429, 254, 16.88%, 13, 84, 3, 220.50, 2705791
1439517531, 0, 595, 1486, 1430, 254, 16.89%, 13, 85, 3, 218.64, 2706881
1439517536, 0, 595, 1488, 1432, 254, 16.89%, 13, 85, 3, 216.19, 2708009
1439517562, 0, 595, 1490, 1434, 254, 16.89%, 13, 86, 3, 221.17, 2713465
1439517648, 0, 595, 1490, 1434, 254, 16.89%, 13, 87, 3, 221.26, 2732241
1439517704, 0, 595, 1491, 1435, 254, 16.89%, 13, 87, 3, 216.13, 2744431
1439517745, 0, 612, 1491, 1434, 260, 16.89%, 13, 88, 3, 231.83, 2753543
1439517765, 0, 613, 1491, 1433, 259, 16.89%, 13, 88, 3, 256.21, 2758331
1439517791, 0, 625, 1491, 1432, 258, 16.89%, 13, 88, 3, 251.36, 2764341
1439517822, 0, 625, 1491, 1432, 258, 16.89%, 13, 89, 3, 239.70, 2772376
1439517827, 0, 630, 1493, 1433, 257, 16.90%, 13, 89, 3, 237.91, 2773565
1439517832, 0, 630, 1496, 1436, 257, 16.90%, 13, 89, 3, 266.81, 2774973
1439517837, 0, 630, 1497, 1437, 257, 16.90%, 13, 89, 3, 255.89, 2776260
1439517857, 0, 630, 1519, 1458, 256, 16.91%, 13, 90, 3, 264.84, 2781368
1439517862, 0, 633, 1525, 1464, 267, 16.94%, 13, 90, 3, 287.27, 2782760
1439517888, 0, 643, 1525, 1463, 266, 16.94%, 13, 90, 3, 273.93, 2789402
1439517939, 0, 645, 1525, 1462, 265, 16.94%, 13, 90, 3, 238.12, 2803943
1439517944, 0, 645, 1526, 1463, 265, 16.95%, 13, 90, 3, 206.86, 2804977
1439517949, 0, 645, 1528, 1465, 265, 16.95%, 13, 90, 3, 206.14, 2806005
1439517969, 0, 645, 1529, 1466, 265, 16.95%, 13, 90, 3, 193.89, 2810087
1439517974, 0, 645, 1541, 1478, 265, 16.95%, 13, 90, 3, 216.74, 2811164
1439518025, 0, 645, 1541, 1478, 265, 16.95%, 13, 91, 3, 216.43, 2821259
1439518122, 0, 651, 1541, 1477, 266, 16.95%, 13, 91, 3, 208.86, 2846636
1439518399, 0, 652, 1541, 1476, 266, 16.95%, 13, 91, 3, 240.54, 2884920
1439518404, 0, 652, 1542, 1477, 266, 16.95%, 13, 92, 3, 225.04, 2886045
1439518562, 0, 652, 1551, 1485, 265, 17.14%, 13, 94, 3, 235.40, 2924193
1439518567, 0, 653, 1565, 1499, 273, 17.57%, 13, 94, 3, 197.26, 2925040
1439518592, 0, 661, 1565, 1498, 272, 17.57%, 13, 94, 3, 285.13, 2931908
1439518613, 0, 661, 1566, 1499, 272, 17.57%, 13, 94, 3, 273.24, 2938143
1439518618, 0, 661, 1566, 1499, 272, 17.57%, 13, 95, 3, 264.37, 2939448
1439518644, 0, 663, 1566, 1498, 271, 17.57%, 13, 95, 3, 259.93, 2946201
1439518659, 0, 663, 1568, 1500, 271, 17.57%, 13, 95, 3, 269.38, 2950721
1439518684, 0, 663, 1568, 1500, 271, 17.57%, 13, 96, 3, 254.42, 2957271
1439518710, 0, 663, 1568, 1500, 271, 17.57%, 13, 97, 3, 259.27, 2963786
1439518725, 0, 663, 1569, 1501, 271, 17.57%, 13, 97, 3, 263.08, 2967771
1439518771, 0, 663, 1570, 1502, 271, 17.58%, 13, 98, 3, 262.32, 2979891
1439518864, 0, 663, 1570, 1502, 271, 17.58%, 13, 99, 3, 258.70, 3003876
1439518956, 0, 663, 1571, 1503, 271, 17.58%, 13, 99, 3, 238.47, 3027436
1439519001, 0, 663, 1572, 1504, 271, 17.58%, 13, 99, 3, 259.12, 3039066
1439519071, 0, 663, 1572, 1504, 271, 17.58%, 13, 100, 3, 263.59, 3057431
1439519092, 0, 663, 1573, 1505, 271, 17.58%, 13, 100, 3, 257.59, 3062731
1439519123, 0, 663, 1573, 1505, 271, 17.58%, 13, 101, 3, 262.72, 3070851
1439519133, 0, 663, 1574, 1506, 271, 17.58%, 13, 101, 3, 232.13, 3073182
1439519153, 0, 663, 1575, 1507, 271, 17.58%, 13, 102, 3, 230.36, 3077776
1439519281, 0, 663, 1575, 1507, 271, 17.58%, 13, 103, 3, 245.33, 3108960
1439519286, 0, 666, 1575, 1506, 272, 17.58%, 13, 103, 3, 272.55, 3110344
1439519311, 0, 667, 1575, 1505, 271, 17.58%, 13, 103, 3, 235.25, 3116603
1439519341, 0, 667, 1592, 1521, 271, 17.69%, 13, 103, 3, 218.87, 3123401
1439519347, 0, 668, 1622, 1551, 275, 17.99%, 13, 104, 3, 200.45, 3124293
1439519372, 0, 670, 1622, 1550, 274, 17.99%, 13, 104, 3, 242.29, 3130418
1439519393, 0, 671, 1622, 1549, 273, 17.99%, 13, 104, 3, 275.23, 3135500
1439519418, 0, 672, 1622, 1548, 272, 17.99%, 13, 104, 3, 254.18, 3142011
1439519449, 0, 673, 1622, 1547, 271, 17.99%, 13, 104, 3, 212.57, 3149545
1439519475, 0, 674, 1629, 1553, 273, 18.00%, 13, 105, 3, 230.25, 3155434
1439519500, 0, 675, 1629, 1552, 272, 18.00%, 13, 105, 3, 292.31, 3161714
1439519566, 0, 679, 1629, 1551, 271, 18.00%, 13, 105, 3, 269.44, 3181278
1439519586, 0, 679, 1630, 1552, 271, 18.00%, 13, 105, 4, 201.10, 3185349
1439519764, 0, 685, 1630, 1551, 271, 18.00%, 13, 105, 4, 220.97, 3224441
1439519835, 0, 689, 1631, 1551, 270, 18.00%, 13, 106, 4, 221.92, 3240490
1439519917, 0, 689, 1631, 1551, 270, 18.00%, 13, 107, 4, 217.97, 3256763
1439519927, 0, 689, 1631, 1551, 270, 18.00%, 13, 108, 4, 201.73, 3258860
1439519953, 0, 689, 1631, 1551, 270, 18.00%, 13, 109, 4, 195.99, 3264347
1439519994, 0, 689, 1631, 1551, 270, 18.00%, 13, 110, 4, 270.55, 3273617
1439520019, 0, 689, 1632, 1552, 270, 18.00%, 13, 110, 4, 269.57, 3279920
1439520029, 0, 689, 1632, 1552, 270, 18.00%, 13, 111, 4, 265.83, 3282650
1439520045, 0, 689, 1633, 1553, 270, 18.00%, 13, 111, 4, 259.39, 3286490
1439520070, 0, 689, 1634, 1554, 270, 18.00%, 13, 111, 4, 259.50, 3292950
1439520136, 0, 689, 1636, 1556, 270, 18.01%, 13, 111, 4, 264.42, 3310290
1439520415, 0, 689, 1637, 1557, 270, 18.01%, 13, 111, 4, 270.38, 3385395
1439520608, 0, 689, 1638, 1557, 269, 18.01%, 13, 111, 4, 272.53, 3437840
1439520613, 0, 699, 1657, 1576, 270, 18.03%, 13, 111, 4, 275.14, 3439248
1439520674, 0, 706, 1657, 1575, 269, 18.03%, 13, 111, 4, 246.64, 3456028
1439520705, 0, 706, 1657, 1575, 269, 18.03%, 13, 112, 4, 305.95, 3465322
1439520740, 0, 706, 1658, 1576, 269, 18.03%, 13, 112, 4, 267.16, 3475507
1439520766, 0, 713, 1658, 1575, 269, 18.03%, 13, 112, 4, 270.24, 3482301
1439520909, 0, 714, 1658, 1574, 268, 18.03%, 13, 112, 4, 214.91, 3521754
1439520924, 0, 714, 1658, 1574, 268, 18.03%, 13, 113, 4, 194.00, 3524760
1439520930, 0, 714, 1658, 1574, 268, 18.03%, 13, 114, 4, 58.18, 3525330
1439520940, 0, 714, 1659, 1575, 268, 18.03%, 13, 115, 4, 132.88, 3526386
1439521001, 0, 714, 1659, 1575, 268, 18.03%, 13, 116, 4, 201.10, 3538197
1439521129, 0, 715, 1659, 1574, 267, 18.03%, 13, 116, 4, 257.45, 3566439
1439521134, 0, 715, 1659, 1574, 267, 18.03%, 13, 117, 4, 263.82, 3567797
1439521149, 0, 715, 1660, 1575, 267, 18.06%, 13, 117, 4, 262.28, 3571824
1439521154, 0, 715, 1663, 1578, 267, 18.07%, 13, 117, 4, 254.68, 3573096
1439521190, 0, 715, 1664, 1579, 267, 18.08%, 13, 117, 4, 249.63, 3582095
1439521210, 0, 715, 1664, 1579, 267, 18.08%, 14, 117, 4, 248.84, 3587135
1439521220, 0, 715, 1664, 1579, 267, 18.08%, 14, 118, 4, 243.19, 3589575
1439521231, 0, 715, 1665, 1580, 267, 18.08%, 14, 119, 4, 251.72, 3592146
1439521287, 0, 715, 1666, 1581, 267, 18.08%, 14, 119, 4, 250.40, 3606081
1439521312, 0, 715, 1667, 1582, 267, 18.08%, 14, 119, 4, 245.66, 3612361
1439521358, 0, 715, 1667, 1582, 267, 18.08%, 14, 120, 4, 229.76, 3623649
1439521527, 0, 715, 1667, 1582, 267, 18.08%, 15, 120, 4, 242.77, 3665517
1439521542, 0, 715, 1668, 1583, 267, 18.13%, 15, 120, 4, 240.95, 3669239
1439521552, 0, 715, 1668, 1583, 267, 18.13%, 15, 121, 4, 238.09, 3671651
1439521608, 0, 715, 1669, 1584, 267, 18.13%, 15, 121, 4, 252.96, 3685696
1439521690, 0, 715, 1670, 1585, 267, 18.13%, 15, 121, 4, 238.86, 3705651
1439521695, 0, 715, 1670, 1585, 267, 18.13%, 15, 122, 4, 240.90, 3706899
1439521777, 0, 715, 1671, 1586, 267, 18.13%, 15, 122, 4, 247.44, 3727001
1439521798, 0, 715, 1673, 1587, 266, 18.19%, 15, 122, 4, 241.43, 3732075
1439521803, 0, 715, 1679, 1593, 266, 18.23%, 15, 123, 4, 264.38, 3733364
1439521808, 0, 741, 1695, 1609, 274, 18.28%, 15, 123, 4, 215.48, 3734415
1439521813, 0, 741, 1696, 1610, 274, 18.28%, 15, 123, 4, 201.92, 3735421
1439521833, 0, 741, 1696, 1610, 274, 18.28%, 15, 124, 4, 170.53, 3739272
1439521915, 0, 741, 1696, 1610, 274, 18.28%, 15, 125, 4, 190.64, 3753674
1439521920, 0, 741, 1696, 1610, 274, 18.28%, 15, 127, 4, 210.30, 3754796
1439521926, 0, 741, 1697, 1611, 274, 18.28%, 15, 127, 4, 224.56, 3755974
1439521936, 0, 741, 1698, 1612, 274, 18.28%, 15, 127, 4, 228.73, 3758292
1439521946, 0, 741, 1699, 1613, 274, 18.28%, 15, 127, 4, 211.80, 3760498
1439521966, 0, 741, 1700, 1614, 274, 18.28%, 15, 127, 4, 227.93, 3764912
1439521997, 0, 741, 1701, 1615, 274, 18.28%, 15, 127, 4, 220.68, 3771650
1439522002, 0, 741, 1702, 1616, 274, 18.28%, 15, 127, 4, 222.84, 3772760
1439522007, 0, 741, 1703, 1617, 274, 18.28%, 15, 127, 4, 212.44, 3773846
1439522028, 0, 741, 1704, 1618, 274, 18.28%, 15, 127, 4, 214.29, 3778236
1439522033, 0, 741, 1704, 1618, 274, 18.28%, 15, 128, 4, 222.11, 3779388
1439522038, 0, 741, 1705, 1619, 274, 18.28%, 15, 128, 4, 226.82, 3780514
1439522048, 0, 741, 1706, 1620, 274, 18.28%, 15, 129, 4, 210.46, 3782672
1439522053, 0, 741, 1707, 1621, 274, 18.28%, 15, 129, 4, 210.13, 3783746
1439522064, 0, 741, 1708, 1622, 274, 18.28%, 15, 129, 4, 210.21, 3785920
1439522084, 0, 741, 1709, 1623, 274, 18.28%, 15, 129, 4, 225.04, 3790334
1439522100, 0, 741, 1709, 1623, 274, 18.28%, 15, 130, 4, 224.46, 3793758
1439522166, 0, 741, 1710, 1624, 274, 18.28%, 15, 130, 4, 213.20, 3808488
1439522227, 0, 741, 1711, 1625, 274, 18.28%, 15, 130, 4, 216.96, 3821922
1439522299, 0, 741, 1712, 1626, 274, 18.28%, 15, 130, 4, 219.95, 3837692
1439522309, 0, 741, 1714, 1628, 274, 18.28%, 15, 130, 4, 222.70, 3840012
1439522385, 0, 741, 1715, 1629, 274, 18.28%, 15, 130, 4, 225.26, 3857062
1439522411, 0, 741, 1716, 1630, 274, 18.28%, 15, 130, 4, 223.93, 3862752
1439522442, 0, 741, 1716, 1630, 274, 18.28%, 15, 131, 4, 223.32, 3869596
1439522559, 0, 741, 1716, 1630, 274, 18.28%, 15, 132, 4, 220.65, 3895716
1439522600, 0, 741, 1717, 1631, 274, 18.28%, 15, 132, 4, 218.75, 3904810
1439522645, 0, 767, 1717, 1630, 275, 18.28%, 15, 132, 4, 254.98, 3914969
1439522650, 0, 767, 1718, 1631, 275, 18.28%, 15, 132, 4, 279.60, 3916411
1439522732, 0, 767, 1720, 1633, 275, 18.28%, 15, 132, 4, 302.62, 3942138
1439522737, 0, 767, 1721, 1634, 275, 18.28%, 15, 132, 4, 297.93, 3943673
1439522742, 0, 767, 1722, 1635, 275, 18.28%, 15, 132, 4, 299.50, 3945208
1439522757, 0, 767, 1723, 1636, 275, 18.28%, 15, 132, 4, 298.23, 3949708
1439522763, 0, 767, 1725, 1638, 275, 18.28%, 15, 132, 4, 290.88, 3951223
1439522809, 0, 767, 1726, 1639, 275, 18.28%, 15, 132, 4, 294.65, 3964868
1439522911, 0, 767, 1726, 1639, 275, 18.28%, 15, 133, 4, 302.20, 3994776
1439522936, 0, 767, 1727, 1640, 275, 18.28%, 15, 133, 4, 304.58, 4002508
1439523205, 0, 767, 1727, 1640, 275, 18.28%, 15, 134, 4, 293.90, 4083048
1439523266, 0, 771, 1727, 1639, 274, 18.28%, 15, 134, 4, 308.85, 4101397
1439523271, 0, 771, 1728, 1640, 274, 18.28%, 15, 134, 4, 321.82, 4103047
1439523281, 0, 771, 1728, 1640, 274, 18.28%, 15, 135, 4, 306.71, 4106292
1439523286, 0, 771, 1729, 1641, 274, 18.28%, 15, 135, 4, 281.95, 4107679
1439523296, 0, 771, 1729, 1641, 274, 18.28%, 15, 136, 4, 275.19, 4110429
1439523316, 0, 771, 1730, 1642, 274, 18.28%, 15, 136, 4, 270.86, 4115979
1439523342, 0, 771, 1731, 1643, 274, 18.28%, 15, 136, 4, 268.99, 4122994
1439523353, 0, 771, 1732, 1644, 274, 18.28%, 15, 136, 4, 270.61, 4125809
1439523378, 0, 771, 1732, 1644, 274, 18.28%, 15, 137, 4, 266.16, 4132599
1439523418, 0, 771, 1732, 1644, 274, 18.28%, 15, 138, 4, 268.85, 4143644
1439523500, 0, 771, 1732, 1644, 274, 18.28%, 15, 139, 4, 275.94, 4165859
1439523566, 0, 771, 1733, 1645, 274, 18.28%, 15, 139, 4, 239.45, 4182966
1439523587, 0, 771, 1733, 1645, 274, 18.28%, 15, 140, 4, 219.85, 4187582
1439523781, 0, 771, 1734, 1646, 274, 18.28%, 15, 140, 4, 242.52, 4233660
1439523914, 0, 785, 1734, 1645, 275, 18.28%, 15, 140, 4, 261.71, 4266858
1439523934, 0, 785, 1736, 1647, 275, 18.28%, 15, 140, 4, 261.34, 4272604
1439523939, 0, 785, 1739, 1650, 275, 18.28%, 15, 140, 4, 255.31, 4273889
1439523944, 0, 785, 1739, 1650, 275, 18.28%, 15, 141, 4, 243.71, 4275110
1439523954, 0, 785, 1740, 1651, 275, 18.28%, 15, 141, 4, 241.31, 4277536
1439523960, 0, 785, 1740, 1651, 275, 18.28%, 15, 142, 4, 240.92, 4278780
1439523985, 0, 785, 1741, 1652, 275, 18.28%, 15, 143, 4, 238.17, 4285009
1439524026, 0, 785, 1741, 1652, 275, 18.28%, 15, 145, 4, 245.11, 4295081
1439524032, 0, 785, 1742, 1653, 275, 18.28%, 15, 145, 4, 248.81, 4296367
1439524047, 0, 785, 1743, 1654, 275, 18.28%, 15, 145, 4, 243.65, 4300129
1439524057, 0, 785, 1743, 1654, 275, 18.28%, 15, 146, 4, 245.40, 4302625
1439524093, 0, 785, 1745, 1656, 275, 18.28%, 15, 146, 4, 239.83, 4311365
1439524109, 0, 785, 1746, 1657, 275, 18.28%, 15, 146, 4, 239.50, 4315147
1439524119, 0, 785, 1747, 1658, 275, 18.28%, 15, 146, 4, 233.86, 4317637
1439524134, 0, 785, 1748, 1659, 275, 18.28%, 15, 146, 4, 240.86, 4321415
1439524140, 0, 785, 1749, 1660, 275, 18.29%, 15, 146, 4, 245.05, 4322693
1439524150, 0, 785, 1750, 1661, 275, 18.29%, 15, 146, 4, 251.49, 4325225
1439524170, 0, 785, 1751, 1662, 275, 18.29%, 15, 146, 4, 250.58, 4330290
1439524195, 0, 785, 1752, 1663, 275, 18.29%, 15, 146, 4, 248.38, 4336563
1439524200, 0, 785, 1752, 1663, 275, 18.29%, 15, 147, 4, 243.09, 4337783
1439524216, 0, 785, 1752, 1663, 275, 18.29%, 15, 148, 4, 246.50, 4341659
1439524226, 0, 785, 1753, 1664, 275, 18.29%, 15, 148, 4, 251.12, 4344215
1439524272, 0, 785, 1754, 1665, 275, 18.29%, 15, 148, 4, 244.26, 4355515
1439524288, 0, 785, 1754, 1665, 275, 18.29%, 15, 149, 4, 235.39, 4359163
1439524293, 0, 785, 1755, 1666, 275, 18.29%, 15, 149, 4, 239.41, 4360377
1439524308, 0, 785, 1755, 1666, 275, 18.29%, 15, 150, 4, 238.58, 4364081
1439524313, 0, 785, 1755, 1666, 275, 18.29%, 15, 151, 4, 223.93, 4365165
1439524334, 0, 785, 1755, 1666, 275, 18.29%, 15, 152, 4, 245.70, 4370153
1439524349, 0, 785, 1756, 1667, 275, 18.29%, 15, 152, 4, 248.25, 4373971
1439524385, 0, 785, 1756, 1667, 275, 18.29%, 15, 153, 4, 232.40, 4382595
1439524446, 0, 785, 1757, 1668, 275, 18.29%, 15, 153, 4, 260.04, 4397975
1439524456, 0, 785, 1758, 1669, 275, 18.29%, 15, 153, 4, 263.78, 4400690
1439524518, 0, 785, 1759, 1670, 275, 18.29%, 15, 153, 4, 225.18, 4415025
1439524523, 0, 785, 1760, 1671, 275, 18.29%, 15, 153, 4, 234.06, 4416231
1439524533, 0, 785, 1761, 1672, 275, 18.29%, 15, 153, 4, 256.33, 4418867
1439524549, 0, 785, 1762, 1673, 275, 18.29%, 15, 154, 4, 256.27, 4422775
1439524554, 0, 785, 1764, 1675, 275, 18.29%, 15, 154, 4, 248.93, 4424040
1439524584, 0, 785, 1764, 1675, 275, 18.29%, 15, 155, 4, 251.74, 4431680
1439524589, 0, 807, 1764, 1674, 276, 18.29%, 15, 155, 4, 210.27, 4432703
1439524600, 0, 807, 1764, 1674, 276, 18.29%, 15, 157, 4, 185.65, 4434612
1439524686, 0, 807, 1777, 1686, 275, 18.29%, 15, 158, 4, 200.65, 4451897
1439524691, 0, 807, 1781, 1690, 275, 18.39%, 15, 158, 4, 180.54, 4452822
1439524696, 0, 807, 1821, 1730, 275, 18.52%, 15, 158, 4, 177.71, 4453717
1439524701, 0, 810, 1836, 1745, 289, 18.58%, 15, 160, 4, 142.87, 4454396
1439524707, 0, 810, 1836, 1745, 289, 18.58%, 15, 161, 4, 105.97, 4454897
1439524717, 0, 810, 1836, 1745, 289, 18.58%, 15, 162, 4, 141.91, 4455829
1439524737, 0, 811, 1836, 1744, 288, 18.58%, 15, 163, 4, 219.71, 4458155
1439524840, 0, 811, 1838, 1746, 288, 18.58%, 15, 164, 4, 196.62, 4481394
1439524855, 0, 811, 1838, 1746, 288, 18.58%, 15, 165, 4, 190.84, 4484283
1439524860, 0, 811, 1838, 1746, 288, 18.58%, 15, 166, 4, 189.09, 4485264
1439524865, 0, 811, 1838, 1746, 288, 18.58%, 15, 167, 4, 193.66, 4486278
1439524870, 0, 811, 1839, 1747, 288, 18.58%, 15, 167, 4, 189.34, 4487227
1439524921, 0, 811, 1839, 1747, 288, 18.58%, 15, 168, 4, 198.59, 4496878
1439524951, 0, 811, 1839, 1747, 288, 18.58%, 15, 169, 4, 184.29, 4502665
1439525022, 0, 811, 1839, 1747, 288, 18.58%, 15, 170, 4, 185.69, 4515928
1439525047, 0, 826, 1839, 1746, 287, 18.58%, 15, 171, 4, 236.09, 4520984
1439525053, 0, 826, 1839, 1746, 287, 18.58%, 15, 172, 4, 284.72, 4521971
1439525068, 0, 826, 1840, 1747, 287, 18.58%, 15, 172, 4, 297.26, 4526021
1439525073, 0, 826, 1840, 1747, 287, 18.58%, 15, 173, 4, 277.76, 4527162
1439525083, 0, 826, 1840, 1747, 287, 18.58%, 15, 174, 4, 230.07, 4529485
1439525098, 0, 836, 1840, 1746, 287, 18.58%, 15, 174, 4, 264.17, 4533037
1439525108, 0, 836, 1842, 1748, 287, 18.58%, 15, 174, 4, 248.63, 4535627
1439525114, 0, 836, 1842, 1748, 287, 18.58%, 15, 175, 4, 242.45, 4536887
1439525191, 0, 838, 1842, 1747, 286, 18.58%, 15, 175, 4, 269.44, 4555643
1439525216, 0, 842, 1842, 1746, 285, 18.58%, 15, 176, 4, 145.53, 4561359
1439525227, 0, 842, 1842, 1746, 285, 18.58%, 15, 177, 4, 49.58, 4562468
1439525268, 0, 855, 1842, 1745, 284, 18.58%, 15, 177, 4, 172.41, 4567185
1439525288, 0, 855, 1842, 1744, 283, 18.58%, 15, 177, 4, 49.85, 4572430
1439525298, 0, 856, 1846, 1748, 283, 18.58%, 15, 177, 4, 195.36, 4573761
1439525313, 0, 856, 1847, 1749, 283, 18.58%, 15, 177, 4, 261.13, 4577697
1439525324, 0, 856, 1848, 1750, 283, 18.58%, 15, 177, 4, 263.40, 4580372
1439525359, 0, 856, 1849, 1751, 283, 18.58%, 15, 177, 4, 261.80, 4589572
1439525390, 0, 856, 1850, 1752, 283, 18.58%, 15, 177, 4, 260.12, 4597682
1439525612, 0, 859, 1850, 1751, 283, 18.58%, 15, 177, 4, 303.00, 4654254
1439525663, 0, 869, 1850, 1750, 281, 18.58%, 15, 177, 4, 233.24, 4669796
1439525689, 0, 869, 1850, 1750, 281, 18.58%, 15, 178, 4, 199.92, 4675104
1439525694, 0, 869, 1852, 1752, 281, 18.58%, 15, 178, 4, 254.94, 4676405
1439525846, 0, 871, 1852, 1751, 280, 18.58%, 15, 178, 4, 320.58, 4713010
1439525892, 0, 873, 1852, 1750, 279, 18.58%, 15, 178, 4, 313.90, 4728157
1439525932, 0, 873, 1852, 1750, 279, 18.58%, 16, 178, 4, 280.23, 4740726
1439525943, 0, 877, 1869, 1766, 277, 18.61%, 16, 178, 4, 162.12, 4742961
1439525948, 0, 877, 1870, 1767, 277, 18.61%, 16, 178, 4, 238.53, 4744303
1439525958, 0, 877, 1871, 1768, 277, 18.61%, 16, 178, 4, 249.79, 4746857
1439526024, 0, 884, 1871, 1767, 276, 18.61%, 16, 178, 4, 258.56, 4763511
1439526049, 0, 884, 1871, 1767, 276, 18.61%, 16, 179, 4, 280.79, 4771302
1439526054, 0, 886, 1871, 1766, 275, 18.61%, 16, 179, 4, 294.42, 4772791
1439526080, 0, 891, 1871, 1765, 274, 18.61%, 16, 179, 4, 221.01, 4778948
1439526105, 0, 892, 1871, 1764, 273, 18.61%, 16, 179, 4, 236.51, 4785074
1439526116, 0, 892, 1871, 1764, 273, 18.61%, 16, 180, 4, 336.46, 4788675
1439526171, 0, 892, 1895, 1787, 272, 18.89%, 17, 183, 4, 242.83, 4805725
1439526176, 0, 897, 1898, 1790, 273, 19.00%, 17, 183, 4, 215.06, 4806757
1439526182, 0, 897, 1898, 1790, 273, 19.00%, 17, 184, 4, 202.06, 4807756
1439526197, 0, 897, 1899, 1791, 273, 19.00%, 17, 184, 4, 199.39, 4810740
1439526212, 0, 897, 1901, 1793, 273, 19.00%, 17, 184, 4, 225.81, 4813752
1439526350, 0, 897, 1901, 1793, 273, 19.00%, 17, 185, 4, 147.35, 4841888
1439526381, 0, 897, 1901, 1793, 273, 19.00%, 17, 187, 4, 240.74, 4847458
1439526396, 0, 898, 1901, 1792, 273, 19.00%, 17, 187, 4, 292.53, 4851539
1439526432, 0, 898, 1901, 1792, 273, 19.00%, 17, 188, 4, 293.96, 4861995
1439526457, 0, 899, 1902, 1792, 272, 19.00%, 17, 188, 4, 279.40, 4868764
1439526518, 0, 905, 1902, 1791, 271, 19.00%, 17, 188, 4, 241.04, 4886655
1439526523, 0, 905, 1903, 1792, 271, 19.00%, 17, 188, 4, 213.75, 4887713
1439526544, 0, 905, 1903, 1792, 271, 19.00%, 17, 189, 4, 200.50, 4891828
1439526554, 0, 905, 1904, 1793, 271, 19.00%, 17, 189, 4, 207.16, 4893972
1439526625, 0, 905, 1905, 1794, 271, 19.00%, 17, 189, 4, 211.90, 4909133
1439526686, 0, 905, 1906, 1795, 271, 19.00%, 17, 189, 4, 253.07, 4923307
1439526691, 0, 905, 1907, 1796, 271, 19.00%, 17, 189, 4, 255.52, 4924597
1439526747, 0, 908, 1907, 1795, 271, 19.00%, 17, 189, 4, 263.49, 4938705
1439526772, 0, 908, 1910, 1797, 270, 19.01%, 17, 189, 4, 253.69, 4945348
1439526777, 0, 911, 1919, 1806, 275, 19.83%, 17, 190, 4, 113.14, 4945833
1439526803, 0, 913, 1919, 1805, 274, 19.83%, 17, 190, 4, 295.46, 4952264
1439526843, 0, 920, 1919, 1804, 273, 19.83%, 17, 190, 4, 260.03, 4963156
1439526910, 0, 921, 1919, 1803, 272, 19.83%, 17, 190, 4, 293.13, 4982420
1439526991, 0, 922, 1919, 1802, 271, 19.83%, 17, 190, 4, 258.25, 5007082
1439527012, 0, 922, 1920, 1802, 270, 19.83%, 17, 192, 4, 219.52, 5011902
1439527017, 0, 923, 1931, 1813, 276, 19.94%, 17, 192, 4, 155.11, 5012531
1439527073, 0, 926, 1931, 1812, 275, 19.94%, 17, 192, 4, 259.52, 5028976
1439527200, 0, 927, 1931, 1811, 274, 19.94%, 17, 192, 4, 275.15, 5062586
1439527326, 0, 928, 1931, 1810, 273, 19.94%, 17, 192, 4, 277.03, 5097709
1439527392, 0, 930, 1931, 1809, 272, 19.94%, 17, 192, 4, 266.43, 5116223
1439527490, 0, 932, 1936, 1813, 272, 20.16%, 17, 192, 4, 176.69, 5143901
1439527495, 0, 932, 1936, 1813, 272, 20.16%, 17, 193, 4, 271.80, 5145383
1439527510, 0, 932, 1936, 1813, 272, 20.16%, 17, 194, 4, 279.66, 5149797
1439527515, 0, 932, 1937, 1814, 272, 20.16%, 17, 194, 4, 264.83, 5151162
1439527535, 0, 932, 1937, 1814, 272, 20.16%, 17, 195, 4, 263.14, 5156562
1439527551, 0, 936, 1937, 1813, 271, 20.16%, 17, 195, 4, 298.86, 5160879
1439527576, 0, 936, 1937, 1813, 271, 20.16%, 18, 195, 4, 274.40, 5168550
1439527591, 0, 937, 1937, 1812, 270, 20.16%, 18, 196, 4, 302.40, 5172830
1439527627, 0, 937, 1938, 1813, 270, 20.16%, 18, 196, 4, 248.64, 5183701
1439527643, 0, 937, 1938, 1813, 270, 20.16%, 18, 197, 4, 234.78, 5187361
1439527648, 0, 937, 1939, 1814, 270, 20.20%, 18, 197, 4, 238.35, 5188525
1439527679, 0, 937, 1939, 1814, 270, 20.20%, 19, 197, 4, 244.98, 5196021
1439527704, 0, 941, 1939, 1813, 269, 20.20%, 19, 198, 4, 266.83, 5202475
1439527739, 0, 941, 1940, 1814, 269, 20.20%, 19, 198, 4, 273.64, 5212475
1439527750, 0, 941, 1940, 1814, 269, 20.20%, 19, 200, 4, 256.68, 5215155
1439527760, 0, 941, 1940, 1814, 269, 20.20%, 19, 201, 4, 251.60, 5217735
1439527765, 0, 942, 1940, 1813, 268, 20.20%, 19, 201, 4, 254.68, 5219022
1439527795, 0, 944, 1944, 1816, 267, 20.20%, 19, 205, 4, 207.62, 5226401
1439527800, 0, 944, 1944, 1816, 267, 20.20%, 19, 209, 4, 197.62, 5227293
1439527811, 0, 944, 1944, 1816, 267, 20.20%, 19, 215, 4, 205.29, 5229243
1439527816, 0, 944, 1945, 1817, 267, 20.21%, 19, 221, 4, 171.29, 5230108
1439527821, 0, 944, 1946, 1818, 267, 20.21%, 19, 231, 4, 189.78, 5231114
1439527826, 0, 944, 1946, 1818, 267, 20.21%, 19, 232, 4, 232.25, 5232348
1439527831, 0, 944, 1949, 1821, 267, 20.24%, 19, 232, 4, 236.32, 5233556
1439527836, 0, 944, 1951, 1823, 267, 20.26%, 19, 234, 4, 221.73, 5234687
1439527846, 0, 944, 1951, 1823, 267, 20.26%, 19, 235, 4, 234.29, 5237071
1439527852, 0, 944, 1951, 1823, 267, 20.26%, 19, 236, 4, 235.37, 5238299
1439527857, 0, 944, 1951, 1823, 267, 20.26%, 19, 237, 4, 232.06, 5239503
1439527867, 0, 944, 1952, 1824, 267, 20.32%, 19, 237, 4, 233.50, 5241847
1439527872, 0, 944, 1953, 1825, 267, 20.32%, 19, 238, 4, 234.49, 5243013
1439527877, 0, 944, 1954, 1826, 267, 20.36%, 19, 238, 4, 224.28, 5244193
1439527882, 0, 944, 1955, 1827, 267, 20.37%, 19, 240, 4, 235.74, 5245395
1439527887, 0, 944, 1956, 1828, 267, 20.44%, 19, 240, 4, 238.99, 5246579
1439527892, 0, 944, 1956, 1828, 267, 20.44%, 19, 241, 4, 237.83, 5247787
1439527897, 0, 944, 1957, 1829, 267, 20.44%, 19, 241, 4, 231.25, 5249005
1439527918, 0, 944, 1957, 1829, 267, 20.44%, 19, 242, 4, 217.44, 5253597
1439527923, 0, 944, 1957, 1829, 267, 20.44%, 19, 244, 4, 212.11, 5254693
1439527928, 0, 944, 1958, 1830, 267, 20.45%, 19, 246, 4, 216.47, 5255827
1439527953, 0, 944, 1959, 1831, 267, 20.45%, 19, 247, 4, 216.22, 5261345
1439527964, 0, 944, 1960, 1832, 267, 20.45%, 19, 248, 4, 226.09, 5263619
1439527974, 0, 944, 1960, 1832, 267, 20.45%, 19, 249, 4, 230.62, 5265959
1439527984, 0, 944, 1962, 1834, 267, 20.49%, 19, 250, 4, 211.87, 5268165
1439527999, 0, 944, 1962, 1834, 267, 20.49%, 19, 253, 4, 231.69, 5271645
1439528009, 0, 944, 1962, 1834, 267, 20.49%, 19, 254, 4, 230.26, 5274005
1439528014, 0, 944, 1963, 1835, 267, 20.49%, 19, 255, 4, 230.98, 5275167
1439528030, 0, 944, 1963, 1835, 267, 20.49%, 19, 257, 4, 233.93, 5278719
1439528035, 0, 944, 1965, 1837, 267, 20.49%, 19, 257, 4, 234.20, 5279943
1439528040, 0, 944, 1966, 1838, 267, 20.49%, 19, 257, 4, 232.93, 5281165
1439528045, 0, 944, 1967, 1839, 267, 20.49%, 19, 257, 4, 235.62, 5282339
1439528050, 0, 944, 1967, 1839, 267, 20.49%, 19, 258, 4, 235.93, 5283567
1439528055, 0, 944, 1967, 1839, 267, 20.49%, 19, 259, 4, 235.32, 5284787
1439528061, 0, 944, 1967, 1839, 267, 20.49%, 19, 260, 4, 233.37, 5286007
1439528081, 0, 944, 1967, 1839, 267, 20.49%, 19, 261, 4, 231.54, 5290771
1439528091, 0, 944, 1969, 1841, 267, 20.55%, 19, 261, 4, 224.36, 5292999
1439528096, 0, 944, 1969, 1841, 267, 20.55%, 19, 262, 4, 232.70, 5294223
1439528101, 0, 944, 1970, 1842, 267, 20.55%, 19, 263, 4, 233.66, 5295425
1439528112, 0, 944, 1970, 1842, 267, 20.55%, 19, 264, 4, 231.95, 5297765
1439528163, 0, 944, 1971, 1843, 267, 20.55%, 19, 265, 4, 221.79, 5309599
1439528173, 0, 944, 1971, 1843, 267, 20.55%, 19, 266, 4, 228.88, 5311947
1439528183, 0, 944, 1972, 1844, 267, 20.55%, 19, 267, 4, 226.80, 5314319
1439528188, 0, 944, 1972, 1844, 267, 20.55%, 19, 268, 4, 224.37, 5315363
1439528194, 0, 944, 1972, 1844, 267, 20.55%, 19, 269, 4, 237.44, 5316599
1439528214, 0, 944, 1972, 1844, 267, 20.55%, 19, 270, 4, 222.07, 5321331
1439528219, 0, 944, 1973, 1845, 267, 20.55%, 19, 270, 4, 227.62, 5322489
1439528224, 0, 944, 1973, 1845, 267, 20.55%, 19, 272, 4, 232.78, 5323685
1439528229, 0, 944, 1973, 1845, 267, 20.55%, 19, 273, 4, 236.02, 5324869
1439528234, 0, 944, 1973, 1845, 267, 20.55%, 19, 274, 4, 233.94, 5326041
1439528244, 0, 944, 1974, 1846, 267, 20.55%, 19, 274, 4, 227.63, 5328359
1439528250, 0, 944, 1975, 1847, 267, 20.55%, 19, 274, 4, 230.17, 5329520
1439528265, 0, 944, 1975, 1847, 267, 20.55%, 19, 275, 4, 227.77, 5333052
1439528280, 0, 944, 1976, 1848, 267, 20.60%, 19, 276, 4, 228.27, 5336540
1439528295, 0, 944, 1976, 1848, 267, 20.60%, 19, 277, 4, 234.10, 5340148
1439528310, 0, 944, 1976, 1848, 267, 20.60%, 19, 278, 4, 230.61, 5343628
1439528316, 0, 944, 1977, 1849, 267, 20.65%, 19, 278, 4, 207.99, 5344636
1439528321, 0, 944, 1977, 1849, 267, 20.65%, 19, 279, 4, 230.26, 5345808
1439528326, 0, 944, 1977, 1849, 267, 20.65%, 19, 280, 4, 233.73, 5347036
1439528346, 0, 944, 1978, 1850, 267, 20.65%, 19, 280, 4, 236.09, 5351798
1439528357, 0, 944, 1979, 1851, 267, 20.65%, 19, 280, 4, 227.91, 5354208
1439528372, 0, 944, 1979, 1851, 267, 20.65%, 19, 281, 4, 228.58, 5357732
1439528382, 0, 944, 1980, 1852, 267, 20.65%, 19, 281, 4, 235.32, 5360118
1439528413, 0, 944, 1981, 1853, 267, 20.66%, 19, 281, 4, 230.40, 5367180
1439528428, 0, 944, 1983, 1855, 267, 20.66%, 19, 281, 4, 235.14, 5370724
1439528453, 0, 944, 1983, 1855, 267, 20.66%, 19, 282, 4, 234.63, 5376632
1439528478, 0, 944, 1983, 1855, 267, 20.66%, 19, 284, 4, 226.43, 5382464
1439528484, 0, 944, 1983, 1855, 267, 20.66%, 19, 285, 4, 230.58, 5383660
1439528504, 0, 944, 1983, 1855, 267, 20.66%, 19, 286, 4, 227.84, 5388356
1439528509, 0, 944, 1983, 1855, 267, 20.66%, 19, 287, 4, 225.52, 5389524
1439528525, 0, 951, 1983, 1854, 276, 20.66%, 19, 287, 4, 249.98, 5393153
1439528591, 0, 952, 1983, 1853, 275, 20.66%, 19, 287, 4, 216.22, 5409590
1439528622, 0, 952, 1984, 1854, 275, 20.66%, 19, 287, 4, 197.71, 5415586
1439528734, 0, 952, 1985, 1855, 275, 20.66%, 19, 287, 4, 254.48, 5440347
1439528759, 0, 954, 1985, 1854, 274, 20.66%, 19, 287, 4, 256.12, 5447202
1439528785, 0, 954, 1986, 1855, 274, 20.66%, 19, 287, 4, 201.92, 5452369
1439528881, 0, 954, 1987, 1856, 274, 20.66%, 19, 287, 4, 243.74, 5472255
1439528912, 0, 955, 1987, 1855, 274, 20.66%, 19, 287, 4, 271.87, 5479889
1439528988, 0, 955, 1993, 1860, 273, 20.70%, 19, 287, 4, 234.99, 5502206
1439528993, 0, 961, 1999, 1866, 274, 20.86%, 19, 287, 4, 133.84, 5502943
1439529029, 0, 961, 2002, 1869, 274, 20.86%, 19, 287, 4, 211.12, 5510240
1439529045, 0, 961, 2003, 1870, 274, 20.86%, 19, 287, 4, 240.69, 5513734
1439529055, 0, 961, 2003, 1870, 274, 20.86%, 19, 288, 4, 203.99, 5515794
1439529060, 0, 961, 2003, 1870, 274, 20.86%, 19, 289, 4, 191.97, 5516848
1439529095, 0, 967, 2003, 1869, 273, 20.86%, 19, 289, 4, 247.22, 5523930
1439529131, 0, 967, 2003, 1869, 273, 20.86%, 19, 290, 4, 284.21, 5534318
1439529192, 0, 970, 2003, 1868, 272, 20.86%, 19, 290, 4, 264.10, 5550877
1439529222, 0, 970, 2003, 1868, 272, 20.86%, 19, 291, 4, 279.00, 5559508
1439529294, 0, 975, 2003, 1867, 271, 20.86%, 19, 291, 4, 275.80, 5578909
1439529304, 0, 975, 2003, 1867, 271, 20.86%, 19, 292, 4, 289.46, 5581860
1439529407, 0, 976, 2008, 1871, 270, 21.14%, 19, 293, 4, 11.06, 5611050
1439529412, 0, 976, 2017, 1880, 270, 21.57%, 19, 294, 4, 91.19, 5611405
1439529417, 0, 976, 2028, 1891, 270, 21.91%, 19, 294, 4, 93.25, 5611885
1439529423, 0, 976, 2036, 1899, 270, 22.16%, 19, 296, 4, 108.44, 5612295
1439529428, 0, 976, 2045, 1908, 270, 22.38%, 19, 299, 4, 88.70, 5612643
1439529433, 0, 976, 2053, 1916, 270, 22.52%, 19, 300, 4, 86.55, 5612952
1439529438, 0, 976, 2063, 1926, 270, 22.67%, 19, 304, 4, 90.27, 5613427
1439529443, 0, 976, 2070, 1933, 270, 22.97%, 19, 304, 4, 16.98, 5613782
1439529449, 0, 976, 2077, 1940, 270, 23.06%, 19, 305, 4, 6.92, 5614052
1439529454, 0, 976, 2085, 1948, 270, 23.22%, 19, 305, 4, 130.56, 5614544
1439529459, 0, 976, 2097, 1960, 270, 23.46%, 19, 306, 4, 75.47, 5614980
1439529464, 0, 976, 2104, 1967, 270, 23.58%, 19, 325, 4, 103.96, 5615360
1439529469, 0, 976, 2115, 1978, 270, 23.77%, 19, 325, 4, 99.54, 5615855
1439529474, 0, 976, 2125, 1988, 270, 23.89%, 19, 329, 4, 93.73, 5616312
1439529479, 0, 976, 2133, 1996, 270, 23.98%, 19, 333, 4, 91.61, 5616621
1439529485, 0, 976, 2144, 2007, 270, 24.75%, 19, 333, 4, 89.26, 5617060
1439529490, 0, 976, 2152, 2015, 270, 24.85%, 19, 335, 4, 90.11, 5617434
1439529495, 0, 976, 2159, 2022, 270, 24.98%, 19, 336, 4, 95.69, 5617848
1439529500, 0, 976, 2168, 2031, 270, 25.09%, 19, 337, 4, 94.07, 5618204
1439529505, 0, 976, 2177, 2040, 270, 25.20%, 19, 337, 4, 91.44, 5618665
1439529510, 0, 976, 2185, 2048, 270, 25.28%, 19, 338, 4, 91.07, 5619058
1439529515, 0, 976, 2192, 2055, 270, 25.36%, 19, 341, 4, 116.90, 5619595
1439529521, 0, 976, 2198, 2061, 270, 25.43%, 19, 345, 4, 48.44, 5619865
1439529526, 0, 976, 2203, 2066, 270, 25.48%, 19, 351, 4, 81.71, 5620306
1439529531, 0, 976, 2211, 2074, 270, 25.60%, 19, 351, 4, 87.38, 5620699
1439529536, 0, 976, 2219, 2082, 270, 25.72%, 19, 351, 4, 86.79, 5621128
1439529541, 0, 976, 2227, 2090, 270, 26.41%, 19, 351, 4, 131.38, 5621798
1439529546, 0, 976, 2236, 2099, 270, 26.47%, 19, 351, 4, 65.11, 5622211
1439529552, 0, 976, 2243, 2106, 270, 26.52%, 19, 352, 4, 68.02, 5622554
1439529557, 0, 976, 2254, 2117, 270, 26.68%, 19, 352, 4, 100.55, 5623011
1439529562, 0, 976, 2265, 2128, 270, 26.81%, 19, 352, 4, 100.48, 5623531
1439529567, 0, 976, 2272, 2135, 270, 26.92%, 19, 353, 4, 100.42, 5624035
1439529572, 0, 976, 2275, 2138, 270, 26.94%, 19, 355, 4, 133.62, 5624279
1439529577, 0, 976, 2283, 2146, 270, 27.00%, 19, 356, 4, 123.75, 5624888
1439529582, 0, 976, 2285, 2148, 270, 27.02%, 19, 360, 4, 53.19, 5625287
1439529587, 0, 976, 2290, 2153, 270, 27.07%, 19, 363, 4, 91.09, 5625779
1439529592, 0, 976, 2295, 2158, 270, 27.11%, 19, 363, 4, 145.18, 5626575
1439529597, 0, 976, 2300, 2163, 270, 27.13%, 19, 364, 4, 191.72, 5627377
1439529603, 0, 976, 2302, 2165, 270, 27.15%, 19, 367, 4, 190.79, 5628340
1439529608, 0, 976, 2305, 2168, 270, 27.18%, 19, 367, 4, 178.64, 5629258
1439529613, 0, 976, 2309, 2172, 270, 27.19%, 19, 367, 4, 197.04, 5630131
1439529618, 0, 976, 2315, 2178, 270, 27.24%, 19, 367, 4, 156.42, 5630840
1439529623, 0, 976, 2317, 2180, 270, 27.25%, 19, 369, 4, 175.83, 5631801
1439529628, 0, 976, 2322, 2185, 270, 27.29%, 19, 370, 4, 156.93, 5632541
1439529633, 0, 976, 2325, 2188, 270, 27.32%, 19, 370, 4, 156.95, 5633337
1439529638, 0, 976, 2328, 2191, 270, 27.33%, 19, 372, 4, 17.24, 5634045
1439529643, 0, 976, 2330, 2193, 270, 27.34%, 19, 375, 4, 203.22, 5634900
1439529648, 0, 976, 2332, 2195, 270, 27.35%, 19, 375, 4, 193.18, 5635847
1439529653, 0, 976, 2335, 2198, 270, 27.37%, 19, 377, 4, 225.11, 5636549
1439529658, 0, 976, 2337, 2200, 270, 27.40%, 19, 381, 4, 217.97, 5637366
1439529664, 0, 976, 2340, 2203, 270, 27.42%, 19, 381, 4, 240.17, 5638311
1439529669, 0, 976, 2347, 2210, 270, 27.46%, 19, 384, 4, 173.26, 5638801
1439529674, 0, 976, 2349, 2212, 270, 27.48%, 19, 386, 4, 178.21, 5639734
1439529679, 0, 976, 2353, 2216, 270, 27.51%, 19, 386, 4, 178.00, 5640364
1439529684, 0, 976, 2358, 2221, 270, 27.56%, 19, 387, 4, 209.31, 5640981
1439529689, 0, 976, 2360, 2223, 270, 27.58%, 19, 390, 4, 194.77, 5641894
1439529694, 0, 976, 2363, 2226, 270, 27.60%, 19, 391, 4, 178.97, 5642737
1439529699, 0, 976, 2369, 2232, 270, 27.64%, 19, 393, 4, 141.59, 5643454
1439529704, 0, 976, 2375, 2238, 270, 27.88%, 19, 395, 4, 163.56, 5644231
1439529709, 0, 976, 2381, 2244, 270, 27.98%, 19, 397, 4, 157.07, 5645004
1439529714, 0, 976, 2385, 2248, 270, 28.04%, 19, 401, 4, 157.21, 5645683
1439529719, 0, 976, 2390, 2253, 270, 28.08%, 19, 403, 4, 198.99, 5646463
1439529725, 0, 976, 2394, 2257, 270, 28.16%, 19, 403, 4, 12.40, 5647014
1439529730, 0, 976, 2396, 2259, 270, 28.17%, 19, 407, 4, 181.46, 5647863
1439529735, 0, 976, 2402, 2265, 270, 28.24%, 19, 409, 4, 119.71, 5648508
1439529741, 0, 976, 2406, 2269, 270, 28.31%, 19, 411, 4, 142.01, 5649248
1439529746, 0, 976, 2410, 2273, 270, 28.40%, 19, 413, 4, 155.26, 5649789
1439529751, 0, 976, 2414, 2277, 270, 28.51%, 19, 413, 4, 190.91, 5650550
1439529756, 0, 976, 2417, 2280, 270, 28.58%, 19, 415, 4, 172.48, 5651397
1439529761, 0, 976, 2420, 2283, 270, 28.59%, 19, 417, 4, 169.43, 5652232
1439529766, 0, 976, 2422, 2285, 270, 28.61%, 19, 420, 4, 168.85, 5653055
1439529771, 0, 976, 2425, 2288, 270, 28.62%, 19, 422, 4, 176.12, 5653969
1439529776, 0, 976, 2431, 2294, 270, 28.67%, 19, 423, 4, 115.24, 5654697
1439529781, 0, 976, 2436, 2299, 270, 28.71%, 19, 425, 4, 141.86, 5655379
1439529787, 0, 976, 2443, 2306, 270, 29.18%, 19, 425, 4, 119.75, 5656043
1439529792, 0, 976, 2445, 2308, 270, 29.20%, 19, 428, 4, 265.88, 5656947
1439529797, 0, 976, 2447, 2310, 270, 29.21%, 19, 429, 4, 213.94, 5658011
1439529802, 0, 976, 2450, 2313, 270, 29.22%, 19, 432, 4, 210.65, 5658758
1439529807, 0, 976, 2450, 2313, 270, 29.23%, 19, 433, 4, 215.99, 5659850
1439529812, 0, 976, 2451, 2314, 270, 29.23%, 19, 435, 4, 221.37, 5660806
1439529817, 0, 976, 2456, 2319, 270, 29.26%, 19, 436, 4, 175.61, 5661678
1439529822, 0, 976, 2456, 2319, 270, 29.26%, 19, 437, 4, 213.13, 5662842
1439529828, 0, 976, 2460, 2323, 270, 29.28%, 19, 440, 4, 127.36, 5663523
1439529833, 0, 976, 2461, 2324, 270, 29.28%, 19, 442, 4, 192.69, 5664602
1439529838, 0, 976, 2464, 2327, 270, 29.30%, 19, 443, 4, 158.42, 5665441
1439529843, 0, 976, 2467, 2330, 270, 29.32%, 19, 446, 4, 41.30, 5666318
1439529848, 0, 976, 2470, 2333, 270, 29.33%, 19, 447, 4, 122.74, 5666986
1439529853, 0, 976, 2470, 2333, 270, 29.34%, 19, 448, 4, 214.49, 5667933
1439529859, 0, 976, 2474, 2337, 270, 29.36%, 19, 448, 4, 196.39, 5668906
1439529864, 0, 976, 2476, 2339, 270, 29.36%, 19, 449, 4, 228.69, 5669827
1439529869, 0, 976, 2477, 2340, 270, 29.37%, 19, 452, 4, 213.63, 5670719
1439529874, 0, 976, 2480, 2343, 270, 29.37%, 19, 453, 4, 230.26, 5671496
1439529879, 0, 976, 2481, 2344, 270, 29.38%, 19, 454, 4, 226.67, 5672580
1439529884, 0, 976, 2482, 2345, 270, 29.39%, 19, 455, 4, 15.04, 5673388
1439529889, 0, 976, 2483, 2346, 270, 29.39%, 19, 456, 4, 20.05, 5674302
1439529895, 0, 976, 2486, 2349, 270, 29.40%, 19, 458, 4, 39.59, 5675197
1439529900, 0, 976, 2487, 2350, 270, 29.40%, 19, 459, 4, 236.76, 5676246
1439529905, 0, 976, 2488, 2351, 270, 29.40%, 19, 459, 4, 237.28, 5677414
1439529911, 0, 976, 2491, 2354, 270, 29.42%, 19, 461, 4, 5.22, 5678181
1439529916, 0, 976, 2492, 2355, 270, 29.42%, 19, 461, 4, 238.81, 5679352
1439529921, 0, 976, 2496, 2359, 270, 29.46%, 19, 463, 4, 204.11, 5680341
1439529926, 0, 976, 2500, 2363, 270, 29.48%, 19, 464, 4, 170.41, 5681119
1439529931, 0, 976, 2502, 2365, 270, 29.49%, 19, 465, 4, 177.40, 5681955
1439529936, 0, 976, 2504, 2367, 270, 29.50%, 19, 466, 4, 203.83, 5682780
1439529941, 0, 976, 2505, 2368, 270, 29.50%, 19, 468, 4, 6.81, 5683583
1439529946, 0, 976, 2507, 2370, 270, 29.51%, 19, 469, 4, 170.29, 5684545
1439529951, 0, 976, 2509, 2372, 270, 29.51%, 19, 470, 4, 209.77, 5685464
1439529957, 0, 976, 2512, 2375, 270, 29.53%, 19, 470, 4, 201.92, 5686477
1439529962, 0, 976, 2513, 2376, 270, 29.53%, 19, 471, 4, 233.23, 5687465
1439529967, 0, 976, 2514, 2377, 270, 29.53%, 19, 472, 4, 206.48, 5688456
1439529972, 0, 976, 2517, 2380, 270, 29.56%, 19, 472, 4, 95.46, 5688992
1439529977, 0, 976, 2521, 2384, 270, 29.57%, 19, 479, 4, 210.58, 5689835
1439529982, 0, 976, 2525, 2388, 270, 29.58%, 19, 481, 4, 228.12, 5690485
1439529987, 0, 976, 2529, 2392, 270, 29.59%, 19, 484, 4, 163.62, 5691142
1439529992, 0, 976, 2533, 2396, 270, 29.61%, 19, 486, 4, 176.84, 5691931
1439529997, 0, 976, 2536, 2399, 270, 29.61%, 19, 489, 4, 156.32, 5692630
1439530003, 0, 976, 2540, 2403, 270, 29.66%, 19, 496, 4, 161.92, 5693411
1439530008, 0, 976, 2546, 2409, 270, 29.70%, 19, 498, 4, 183.60, 5694156
1439530013, 0, 976, 2547, 2410, 270, 29.70%, 19, 500, 4, 208.27, 5695090
1439530018, 0, 976, 2550, 2413, 270, 29.71%, 19, 500, 4, 215.46, 5696093
1439530023, 0, 976, 2553, 2416, 270, 29.72%, 19, 500, 4, 198.64, 5697035
1439530028, 0, 976, 2555, 2418, 270, 29.75%, 19, 500, 4, 204.57, 5698007
1439530033, 0, 976, 2559, 2422, 270, 29.79%, 19, 500, 4, 148.76, 5698848
1439530038, 0, 976, 2561, 2424, 270, 29.80%, 19, 500, 4, 207.08, 5699935
1439530043, 0, 976, 2564, 2427, 270, 29.85%, 19, 500, 4, 204.50, 5700887
1439530048, 0, 976, 2568, 2431, 270, 29.88%, 19, 500, 4, 212.89, 5701781
1439530053, 0, 976, 2571, 2434, 270, 29.93%, 19, 500, 4, 198.04, 5702793
1439530059, 0, 976, 2573, 2436, 270, 29.97%, 19, 500, 4, 219.27, 5703688
1439530064, 0, 976, 2576, 2439, 270, 29.99%, 19, 500, 4, 204.28, 5704447
1439530069, 0, 976, 2581, 2444, 270, 30.04%, 19, 500, 4, 34.45, 5705125
1439530074, 0, 976, 2587, 2450, 270, 30.09%, 19, 500, 4, 192.54, 5705946
1439530079, 0, 976, 2591, 2454, 270, 30.12%, 19, 500, 4, 201.28, 5706680
1439530084, 0, 976, 2592, 2455, 270, 30.13%, 19, 500, 4, 198.73, 5707700
1439530089, 0, 976, 2594, 2457, 270, 30.15%, 19, 500, 4, 200.72, 5708689
1439530094, 0, 976, 2595, 2458, 270, 30.16%, 19, 500, 4, 187.31, 5709653
1439530099, 0, 976, 2599, 2462, 270, 30.19%, 19, 500, 4, 191.36, 5710577
1439530104, 0, 976, 2602, 2465, 270, 30.20%, 19, 500, 4, 197.98, 5711588
1439530109, 0, 976, 2606, 2469, 270, 31.16%, 19, 500, 4, 108.16, 5712524
1439530115, 0, 976, 2608, 2471, 270, 31.17%, 19, 500, 4, 226.12, 5713374
1439530120, 0, 976, 2612, 2475, 270, 31.18%, 19, 500, 4, 174.02, 5714221
1439530125, 0, 976, 2616, 2479, 270, 31.22%, 19, 500, 4, 195.97, 5714863
1439530130, 0, 976, 2618, 2481, 270, 31.22%, 19, 500, 4, 186.43, 5715840
1439530135, 0, 976, 2620, 2483, 270, 31.24%, 19, 500, 4, 185.89, 5716784
1439530140, 0, 976, 2622, 2485, 270, 31.25%, 19, 500, 4, 13.07, 5717684
1439530145, 0, 976, 2624, 2487, 270, 31.28%, 19, 500, 4, 191.23, 5718569
1439530150, 0, 976, 2627, 2490, 270, 31.32%, 19, 500, 4, 171.33, 5719364
1439530155, 0, 976, 2632, 2495, 270, 31.38%, 19, 500, 4, 188.38, 5720388
1439530161, 0, 976, 2635, 2498, 270, 31.40%, 19, 500, 4, 209.87, 5721412
1439530166, 0, 976, 2639, 2502, 270, 31.41%, 19, 500, 4, 200.53, 5722367
1439530171, 0, 976, 2641, 2504, 270, 31.43%, 19, 500, 4, 212.90, 5723451
1439530176, 0, 976, 2643, 2506, 270, 31.44%, 19, 500, 4, 246.14, 5724487
1439530181, 0, 976, 2646, 2509, 270, 31.55%, 19, 500, 4, 190.33, 5725398
1439530186, 0, 976, 2648, 2511, 270, 31.57%, 19, 500, 4, 192.41, 5726280
1439530191, 0, 976, 2649, 2512, 270, 31.57%, 19, 500, 4, 205.51, 5727345
1439530196, 0, 976, 2652, 2515, 270, 31.58%, 19, 500, 4, 218.02, 5728219
1439530202, 0, 976, 2655, 2518, 270, 31.59%, 19, 500, 4, 7.31, 5729086
1439530207, 0, 976, 2656, 2519, 270, 31.60%, 19, 500, 4, 239.44, 5730156
1439530212, 0, 976, 2658, 2521, 270, 31.62%, 19, 500, 4, 217.22, 5731246
1439530217, 0, 976, 2659, 2522, 270, 31.62%, 19, 500, 4, 216.40, 5732328
1439530222, 0, 976, 2662, 2525, 270, 31.64%, 19, 500, 4, 271.38, 5733251
1439530227, 0, 976, 2664, 2527, 270, 31.65%, 19, 500, 4, 222.15, 5734255
1439530232, 0, 976, 2667, 2530, 270, 31.65%, 19, 500, 4, 205.39, 5735263
1439530237, 0, 976, 2668, 2531, 270, 31.66%, 19, 500, 4, 213.50, 5736335
1439530243, 0, 976, 2671, 2534, 270, 31.67%, 19, 500, 4, 196.28, 5737297
1439530248, 0, 976, 2673, 2536, 270, 31.68%, 19, 500, 4, 213.60, 5738333
1439530258, 0, 976, 2675, 2538, 270, 31.69%, 19, 500, 4, 226.07, 5740351
1439530263, 0, 976, 2677, 2540, 270, 31.70%, 19, 500, 4, 242.31, 5741097
1439530268, 0, 976, 2679, 2542, 270, 31.72%, 19, 500, 4, 217.52, 5742121
1439530274, 0, 976, 2682, 2545, 270, 31.74%, 19, 500, 4, 30.81, 5743002
1439530279, 0, 976, 2684, 2547, 270, 31.76%, 19, 500, 4, 224.55, 5743944
1439530289, 0, 976, 2688, 2551, 270, 31.78%, 19, 500, 4, 187.28, 5745637
1439530299, 0, 976, 2689, 2552, 270, 31.78%, 19, 500, 4, 232.93, 5747704
1439530304, 0, 976, 2690, 2553, 270, 31.79%, 19, 500, 4, 254.62, 5748510
1439530309, 0, 976, 2693, 2556, 270, 31.81%, 19, 500, 4, 176.13, 5749333
1439530319, 0, 976, 2697, 2560, 270, 31.85%, 19, 500, 4, 229.60, 5750922
1439530325, 0, 976, 2699, 2562, 270, 31.86%, 19, 500, 4, 208.48, 5751942
1439530330, 0, 976, 2700, 2563, 270, 31.87%, 19, 500, 4, 219.22, 5753062
1439530335, 0, 976, 2702, 2565, 270, 31.88%, 19, 500, 4, 213.00, 5754098
1439530340, 0, 976, 2704, 2567, 270, 31.88%, 19, 500, 4, 197.69, 5755074
1439530345, 0, 976, 2706, 2569, 270, 31.90%, 19, 500, 4, 11.85, 5755813
1439530356, 0, 976, 2707, 2570, 270, 31.91%, 19, 500, 4, 230.24, 5758005
1439530361, 0, 976, 2710, 2573, 270, 31.92%, 19, 500, 4, 239.77, 5758975
1439530366, 0, 976, 2712, 2575, 270, 31.93%, 19, 500, 4, 218.69, 5759816
1439530371, 0, 976, 2714, 2577, 270, 31.93%, 19, 500, 4, 132.35, 5760712
1439530376, 0, 976, 2716, 2579, 270, 31.94%, 19, 500, 4, 177.48, 5761730
1439530381, 0, 976, 2719, 2582, 270, 31.95%, 19, 500, 4, 223.20, 5762672
1439530386, 0, 976, 2721, 2584, 270, 31.96%, 19, 500, 4, 222.50, 5763732
1439530391, 0, 976, 2722, 2585, 270, 31.98%, 19, 500, 4, 252.09, 5764689
1439530396, 0, 976, 2725, 2588, 270, 31.99%, 19, 500, 4, 202.47, 5765677
1439530401, 0, 976, 2729, 2592, 270, 32.00%, 19, 500, 4, 209.26, 5766535
1439530406, 0, 976, 2732, 2595, 270, 32.02%, 19, 500, 4, 193.35, 5767483
1439530411, 0, 976, 2733, 2596, 270, 32.02%, 19, 500, 4, 190.39, 5768429
1439530416, 0, 976, 2734, 2597, 270, 32.03%, 19, 500, 4, 225.00, 5769481
1439530427, 0, 976, 2735, 2598, 270, 32.03%, 19, 500, 4, 221.32, 5771483
1439530432, 0, 976, 2737, 2600, 270, 32.04%, 19, 500, 4, 219.79, 5772559
1439530437, 0, 976, 2739, 2602, 270, 32.04%, 19, 500, 4, 193.95, 5773626
1439530447, 0, 976, 2741, 2604, 270, 32.05%, 19, 500, 4, 203.86, 5775722
1439530452, 0, 976, 2743, 2606, 270, 32.06%, 19, 500, 4, 209.26, 5776514
1439530462, 0, 976, 2747, 2610, 270, 32.07%, 19, 500, 4, 169.43, 5778340
1439530467, 0, 976, 2749, 2612, 270, 32.08%, 19, 500, 4, 174.86, 5779265
1439530472, 0, 976, 2750, 2613, 270, 32.08%, 19, 500, 4, 192.45, 5780260
1439530478, 0, 976, 2751, 2614, 270, 32.09%, 19, 500, 4, 202.22, 5781316
1439530483, 0, 976, 2753, 2616, 270, 32.09%, 19, 500, 4, 197.55, 5782254
1439530488, 0, 976, 2755, 2618, 270, 32.10%, 19, 500, 4, 182.31, 5783147
1439530493, 0, 976, 2756, 2619, 270, 32.11%, 19, 500, 4, 184.96, 5784141
1439530503, 0, 976, 2757, 2620, 270, 32.11%, 19, 500, 4, 195.59, 5786097
1439530508, 0, 976, 2759, 2622, 270, 32.12%, 19, 500, 4, 188.92, 5787092
1439530514, 0, 976, 2761, 2624, 270, 32.13%, 19, 500, 4, 203.38, 5788022
1439530524, 0, 976, 2763, 2626, 270, 32.13%, 19, 500, 4, 219.91, 5790106
1439530529, 0, 976, 2764, 2627, 270, 32.14%, 19, 500, 4, 210.40, 5791154
1439530534, 0, 976, 2767, 2630, 270, 32.15%, 19, 500, 4, 206.02, 5792179
1439530539, 0, 976, 2770, 2633, 270, 32.16%, 19, 500, 4, 180.82, 5793114
1439530545, 0, 976, 2771, 2634, 270, 32.17%, 19, 500, 4, 197.84, 5794078
1439530550, 0, 976, 2773, 2636, 270, 32.18%, 19, 500, 4, 184.79, 5795001
1439530555, 0, 976, 2776, 2639, 270, 32.19%, 19, 500, 4, 21.79, 5795946
1439530560, 0, 976, 2778, 2641, 270, 32.20%, 19, 500, 4, 78.38, 5796844
1439530565, 0, 976, 2779, 2642, 270, 32.20%, 19, 500, 4, 154.80, 5797660
1439530570, 0, 976, 2781, 2644, 270, 32.21%, 19, 500, 4, 93.80, 5798360
1439530581, 0, 976, 2788, 2650, 269, 32.92%, 19, 500, 4, 163.45, 5800303
1439530586, 0, 976, 2804, 2666, 269, 32.93%, 19, 500, 4, 122.00, 5800886
1439530591, 0, 976, 2817, 2679, 269, 32.95%, 19, 500, 4, 96.09, 5801347
1439530596, 0, 976, 2822, 2684, 269, 32.98%, 19, 500, 4, 111.00, 5801964
1439530601, 0, 976, 2832, 2694, 269, 33.01%, 19, 500, 4, 96.94, 5802387
1439530606, 0, 976, 2838, 2700, 269, 33.03%, 19, 500, 4, 78.18, 5802808
1439530612, 0, 976, 2843, 2705, 269, 33.05%, 19, 500, 4, 70.07, 5803151
1439530617, 0, 976, 2853, 2715, 269, 33.11%, 19, 500, 4, 84.95, 5803551
1439530622, 0, 976, 2859, 2721, 269, 33.13%, 19, 500, 4, 83.98, 5803781
1439530627, 0, 977, 2867, 2729, 500, 33.15%, 19, 500, 4, 63.60, 5804022
1439530632, 0, 977, 2869, 2731, 500, 33.15%, 19, 500, 4, 125.47, 5804699
1439530637, 0, 977, 2874, 2736, 500, 33.17%, 19, 500, 4, 56.91, 5805156
1439530642, 0, 977, 2881, 2743, 500, 33.19%, 19, 500, 4, 105.73, 5805749
1439530647, 0, 977, 2885, 2747, 500, 33.20%, 19, 500, 4, 118.43, 5806332
1439530652, 0, 977, 2890, 2752, 500, 33.25%, 19, 500, 4, 124.48, 5807029
1439530657, 0, 977, 2892, 2754, 500, 33.26%, 19, 500, 4, 146.41, 5807778
1439530663, 0, 977, 2899, 2761, 500, 33.27%, 19, 500, 4, 129.42, 5808378
1439530668, 0, 977, 2902, 2764, 500, 33.27%, 19, 500, 4, 96.51, 5808939
1439530673, 0, 977, 2908, 2770, 500, 33.29%, 19, 500, 4, 13.89, 5809609
1439530678, 0, 977, 2910, 2772, 500, 33.29%, 19, 500, 4, 103.42, 5810123
1439530683, 0, 977, 2912, 2774, 500, 33.30%, 19, 500, 4, 194.66, 5811259
1439530704, 0, 977, 2914, 2776, 500, 33.30%, 19, 500, 4, 217.27, 5815835
1439530709, 0, 977, 2915, 2777, 500, 33.30%, 19, 500, 4, 213.59, 5816787
1439530714, 0, 977, 2916, 2778, 500, 33.30%, 19, 500, 4, 232.87, 5817969
1439530719, 0, 977, 2917, 2779, 500, 33.30%, 19, 500, 4, 222.96, 5819089
1439530724, 0, 977, 2919, 2781, 500, 33.31%, 19, 500, 4, 213.06, 5820147
1439530729, 0, 977, 2920, 2782, 500, 33.31%, 19, 500, 4, 211.89, 5821247
1439530734, 0, 977, 2923, 2785, 500, 33.31%, 19, 500, 4, 186.75, 5822213
1439530739, 0, 977, 2925, 2787, 500, 33.33%, 19, 500, 4, 201.86, 5823234
1439530744, 0, 977, 2926, 2788, 500, 33.33%, 19, 500, 4, 220.54, 5824343
1439530754, 0, 977, 2928, 2790, 500, 33.33%, 19, 500, 4, 215.97, 5826623
1439530764, 0, 977, 2930, 2792, 500, 33.34%, 19, 500, 4, 219.86, 5828847
1439530785, 0, 977, 2932, 2794, 500, 33.35%, 19, 500, 4, 226.02, 5833435
1439530790, 0, 977, 2933, 2795, 500, 33.35%, 19, 500, 4, 222.29, 5834559
1439530795, 0, 977, 2934, 2796, 500, 33.36%, 19, 500, 4, 213.29, 5835459
1439530800, 0, 977, 2937, 2799, 500, 33.37%, 19, 500, 4, 208.79, 5836475
1439530815, 0, 977, 2938, 2800, 500, 33.37%, 19, 500, 4, 224.91, 5839739
1439530820, 0, 977, 2939, 2801, 500, 33.38%, 19, 500, 4, 222.12, 5840763
1439530825, 0, 977, 2940, 2802, 500, 33.38%, 19, 500, 4, 220.84, 5841899
1439530830, 0, 977, 2941, 2803, 500, 33.39%, 19, 500, 4, 221.84, 5842999
1439530841, 0, 977, 2942, 2804, 500, 33.39%, 19, 500, 4, 223.87, 5845331
1439530846, 0, 977, 2943, 2805, 500, 33.39%, 19, 500, 4, 225.26, 5846455
1439530861, 0, 977, 2944, 2806, 500, 33.40%, 19, 500, 4, 223.50, 5849779
1439530866, 0, 977, 2946, 2808, 500, 33.40%, 19, 500, 4, 214.76, 5850863
1439530871, 0, 977, 2947, 2809, 500, 33.41%, 19, 500, 4, 210.05, 5851714
1439530876, 0, 977, 2948, 2810, 500, 46.06%, 19, 500, 4, 197.99, 5852729
1439530881, 0, 977, 2951, 2813, 500, 46.06%, 19, 500, 4, 195.46, 5853681
1439530891, 0, 977, 2952, 2814, 500, 46.06%, 19, 500, 4, 208.16, 5855572
1439530896, 0, 977, 2954, 2816, 500, 46.07%, 19, 500, 4, 207.73, 5856552
1439530901, 0, 977, 2955, 2817, 500, 46.07%, 19, 500, 4, 208.69, 5857603
1439530906, 0, 977, 2956, 2818, 500, 46.07%, 19, 500, 4, 208.31, 5858639
1439530911, 0, 977, 2957, 2819, 500, 46.07%, 19, 500, 4, 219.55, 5859735
1439530916, 0, 977, 2958, 2820, 500, 46.08%, 19, 500, 4, 210.85, 5860747
1439530922, 0, 977, 2960, 2822, 500, 46.08%, 19, 500, 4, 217.08, 5861815
1439530927, 0, 977, 2962, 2824, 500, 46.08%, 19, 500, 4, 214.73, 5862915
1439530932, 0, 977, 2963, 2825, 500, 46.08%, 19, 500, 4, 217.89, 5864059
1439530937, 0, 977, 2964, 2826, 500, 46.09%, 19, 500, 4, 215.89, 5865183
1439530942, 0, 977, 2965, 2827, 500, 46.09%, 19, 500, 4, 223.90, 5866287
1439530947, 0, 977, 2966, 2828, 500, 46.09%, 19, 500, 4, 229.67, 5867487
1439530952, 0, 977, 2968, 2830, 500, 46.09%, 19, 500, 4, 220.98, 5868596
1439530962, 0, 977, 2969, 2831, 500, 46.09%, 19, 500, 4, 201.59, 5870691
1439530973, 0, 977, 2970, 2832, 500, 46.10%, 19, 500, 4, 219.41, 5872831
1439530988, 0, 977, 2972, 2834, 500, 46.10%, 19, 500, 4, 216.90, 5876155
1439530993, 0, 977, 2973, 2835, 500, 46.11%, 19, 500, 4, 224.85, 5877308
1439531008, 0, 977, 2974, 2836, 500, 46.11%, 19, 500, 4, 229.21, 5880715
1439531018, 0, 977, 2976, 2838, 500, 46.11%, 19, 500, 4, 222.99, 5882956
1439531023, 0, 977, 2978, 2840, 500, 46.11%, 19, 500, 4, 213.04, 5884023
1439531028, 0, 977, 2980, 2842, 500, 46.13%, 19, 500, 4, 207.51, 5885055
1439531038, 0, 977, 2981, 2843, 500, 46.13%, 19, 500, 4, 222.91, 5887327
1439531048, 0, 977, 2982, 2844, 500, 46.13%, 19, 500, 4, 226.56, 5889635
1439531053, 0, 977, 2985, 2847, 500, 46.14%, 19, 500, 4, 211.61, 5890703
1439531058, 0, 977, 2987, 2849, 500, 46.14%, 19, 500, 4, 209.53, 5891755
1439531069, 0, 977, 2988, 2850, 500, 46.15%, 19, 500, 4, 223.49, 5894103
1439531074, 0, 977, 2989, 2851, 500, 46.15%, 19, 500, 4, 216.93, 5895231
1439531090, 0, 977, 2990, 2852, 500, 46.15%, 19, 500, 4, 227.31, 5898745
1439531105, 0, 977, 2992, 2854, 500, 46.15%, 19, 500, 4, 201.54, 5902085
1439531145, 0, 977, 2993, 2855, 500, 46.16%, 19, 500, 4, 227.42, 5911269
1439531150, 0, 977, 2994, 2856, 500, 46.16%, 19, 500, 4, 227.46, 5912421
1439531166, 0, 977, 2995, 2857, 500, 46.16%, 19, 500, 4, 231.45, 5915873
1439531181, 0, 977, 2996, 2858, 500, 46.16%, 19, 500, 4, 225.65, 5919337
1439531201, 0, 977, 2999, 2861, 500, 46.17%, 19, 500, 4, 207.40, 5923865
1439531206, 0, 977, 3000, 2862, 500, 46.17%, 19, 500, 4, 193.77, 5924891
1439531216, 0, 977, 3001, 2863, 500, 46.17%, 19, 500, 4, 220.73, 5927069
1439531221, 0, 977, 3002, 2864, 500, 46.17%, 19, 500, 4, 205.05, 5928123
1439531262, 0, 977, 3003, 2865, 500, 46.17%, 19, 500, 4, 224.08, 5936979
1439531267, 0, 977, 3005, 2867, 500, 46.18%, 19, 500, 4, 199.47, 5937977
1439531272, 0, 977, 3006, 2868, 500, 46.18%, 19, 500, 4, 221.61, 5939107
1439531277, 0, 977, 3007, 2869, 500, 46.18%, 19, 500, 4, 221.98, 5940223
1439531282, 0, 977, 3008, 2870, 500, 46.19%, 19, 500, 4, 224.95, 5941343
1439531287, 0, 977, 3010, 2872, 500, 46.19%, 19, 500, 4, 207.95, 5942355
1439531303, 0, 977, 3012, 2874, 500, 46.20%, 19, 500, 4, 156.71, 5945613
1439531308, 0, 977, 3016, 2878, 500, 46.21%, 19, 500, 4, 180.09, 5946586
1439531313, 0, 977, 3017, 2879, 500, 46.21%, 19, 500, 4, 206.54, 5947671
1439531318, 0, 977, 3018, 2880, 500, 46.21%, 19, 500, 4, 222.08, 5948843
1439531323, 0, 977, 3020, 2882, 500, 46.21%, 19, 500, 4, 216.89, 5949919
1439531328, 0, 977, 3021, 2883, 500, 46.21%, 19, 500, 4, 220.64, 5951071
1439531333, 0, 977, 3023, 2885, 500, 46.22%, 19, 500, 4, 215.76, 5952167
1439531338, 0, 977, 3024, 2886, 500, 46.22%, 19, 500, 4, 214.66, 5953139
1439531343, 0, 977, 3025, 2887, 500, 46.22%, 19, 500, 4, 216.72, 5954252
1439531353, 0, 977, 3027, 2889, 500, 46.23%, 19, 500, 4, 229.84, 5956547
1439531363, 0, 977, 3028, 2890, 500, 46.24%, 19, 500, 4, 232.92, 5958915
1439531374, 0, 977, 3029, 2891, 500, 46.24%, 19, 500, 4, 233.13, 5961387
1439531379, 0, 977, 3030, 2892, 500, 46.24%, 19, 500, 4, 235.12, 5962559
1439531389, 0, 977, 3031, 2893, 500, 46.24%, 19, 500, 4, 232.11, 5964951
1439531394, 0, 977, 3032, 2894, 500, 46.24%, 19, 500, 4, 215.19, 5966059
1439531419, 0, 977, 3033, 2895, 500, 46.24%, 19, 500, 4, 216.00, 5971491
1439531424, 0, 977, 3034, 2896, 500, 46.25%, 19, 500, 4, 217.18, 5972619
1439531434, 0, 977, 3037, 2899, 500, 46.26%, 19, 500, 4, 197.41, 5974717
1439531439, 0, 978, 3037, 2898, 541, 46.26%, 19, 500, 4, 179.58, 5975595
1439531490, 0, 978, 3038, 2899, 541, 46.26%, 19, 500, 4, 183.43, 5984781
1439531572, 0, 981, 3038, 2898, 540, 46.26%, 19, 500, 4, 298.50, 6002846
1439531674, 0, 986, 3038, 2897, 539, 46.26%, 19, 500, 4, 245.43, 6031820
1439531899, 0, 987, 3042, 2900, 538, 46.26%, 19, 500, 4, 69.50, 6068634
1439531905, 0, 987, 3046, 2904, 538, 46.28%, 19, 500, 4, 127.58, 6069297
1439531910, 0, 987, 3049, 2907, 538, 46.28%, 19, 500, 4, 93.37, 6069721
1439531915, 0, 987, 3055, 2913, 538, 46.31%, 19, 500, 4, 88.25, 6070155
1439531920, 0, 987, 3060, 2918, 538, 46.32%, 19, 500, 4, 99.10, 6070694
1439531925, 0, 987, 3064, 2922, 538, 46.33%, 19, 500, 4, 127.68, 6071258
1439531930, 0, 987, 3066, 2924, 538, 46.33%, 19, 500, 4, 111.97, 6071722
1439531935, 0, 987, 3072, 2930, 538, 46.52%, 19, 500, 4, 128.14, 6072301
1439531940, 0, 987, 3076, 2934, 538, 46.54%, 19, 500, 4, 100.43, 6072822
1439531946, 0, 987, 3083, 2941, 538, 46.55%, 19, 500, 4, 15.80, 6073406
1439531956, 0, 987, 3085, 2943, 538, 46.56%, 19, 500, 4, 91.31, 6074463
1439531961, 0, 987, 3089, 2947, 538, 46.57%, 19, 500, 4, 200.86, 6075037
1439531966, 0, 987, 3090, 2948, 538, 46.57%, 19, 500, 4, 35.00, 6076059
1439531977, 0, 987, 3092, 2950, 538, 46.57%, 19, 500, 4, 179.68, 6078032
1439531982, 0, 987, 3093, 2951, 538, 46.57%, 19, 500, 4, 196.66, 6079038
1439531987, 0, 987, 3094, 2952, 538, 46.57%, 19, 500, 4, 198.47, 6080051
1439531992, 0, 987, 3097, 2955, 538, 46.58%, 19, 500, 4, 173.51, 6080845
1439531997, 0, 987, 3099, 2957, 538, 46.58%, 19, 500, 4, 208.55, 6081997
1439532007, 0, 987, 3100, 2958, 538, 46.58%, 19, 500, 4, 218.25, 6084184
1439532012, 0, 987, 3101, 2959, 538, 46.58%, 19, 500, 4, 217.08, 6085267
1439532017, 0, 987, 3103, 2961, 538, 46.59%, 19, 500, 4, 196.53, 6086250
1439532022, 0, 987, 3106, 2964, 538, 46.60%, 19, 500, 4, 203.99, 6087227
1439532032, 0, 987, 3108, 2966, 538, 46.61%, 19, 500, 4, 204.22, 6089365
1439532038, 0, 987, 3110, 2968, 538, 46.61%, 19, 500, 4, 209.90, 6090409
1439532043, 0, 987, 3112, 2970, 538, 46.62%, 19, 500, 4, 195.81, 6091399
1439532048, 0, 987, 3113, 2971, 538, 46.62%, 19, 500, 4, 207.91, 6092465
1439532053, 0, 987, 3115, 2973, 538, 46.64%, 19, 500, 4, 189.67, 6093433
1439532058, 0, 987, 3117, 2975, 538, 46.65%, 19, 500, 4, 184.50, 6094338
1439532063, 0, 987, 3119, 2977, 538, 46.65%, 19, 500, 4, 195.78, 6095357
1439532068, 0, 987, 3121, 2979, 538, 46.66%, 19, 500, 4, 194.79, 6096283
1439532078, 0, 987, 3123, 2981, 538, 46.67%, 19, 500, 4, 196.47, 6098268
1439532083, 0, 987, 3126, 2984, 538, 46.76%, 19, 500, 4, 183.06, 6099213
1439532093, 0, 987, 3128, 2986, 538, 46.77%, 19, 500, 4, 209.26, 6101402
1439532099, 0, 987, 3130, 2988, 538, 46.77%, 19, 500, 4, 191.99, 6102413
1439532104, 0, 987, 3132, 2990, 538, 46.78%, 19, 500, 4, 192.05, 6103357
1439532109, 0, 987, 3133, 2991, 538, 46.78%, 19, 500, 4, 217.42, 6104330
1439532114, 0, 987, 3134, 2992, 538, 46.79%, 19, 500, 4, 221.99, 6105450
1439532119, 0, 987, 3137, 2995, 538, 46.79%, 19, 500, 4, 191.96, 6106355
1439532134, 0, 987, 3138, 2996, 538, 46.80%, 19, 500, 4, 220.42, 6109737
1439532139, 0, 987, 3140, 2998, 538, 46.81%, 19, 500, 4, 212.88, 6110728
1439532144, 0, 987, 3142, 3000, 538, 47.49%, 19, 500, 4, 216.48, 6111785
1439532149, 0, 987, 3145, 3003, 538, 47.50%, 19, 500, 4, 203.42, 6112800
1439532155, 0, 987, 3146, 3004, 538, 47.50%, 19, 500, 4, 209.28, 6113818
1439532160, 0, 987, 3147, 3005, 538, 47.51%, 19, 500, 4, 209.97, 6114850
1439532165, 0, 987, 3148, 3006, 538, 47.51%, 19, 500, 4, 218.53, 6115926
1439532170, 0, 987, 3149, 3007, 538, 47.51%, 19, 500, 4, 192.91, 6116953
1439532180, 0, 987, 3150, 3008, 538, 47.52%, 19, 500, 4, 203.99, 6118932
1439532185, 0, 987, 3151, 3009, 538, 47.52%, 19, 500, 4, 215.19, 6120008
1439532190, 0, 987, 3152, 3010, 538, 47.53%, 19, 500, 4, 219.34, 6121060
1439532195, 0, 987, 3154, 3012, 538, 47.53%, 19, 500, 4, 201.63, 6122088
1439532200, 0, 987, 3155, 3013, 538, 47.54%, 19, 500, 4, 206.74, 6123164
1439532205, 0, 987, 3158, 3016, 538, 47.55%, 19, 500, 4, 188.66, 6124115
1439532210, 0, 987, 3159, 3017, 538, 47.56%, 19, 500, 4, 212.43, 6125207
1439532215, 0, 987, 3160, 3018, 538, 47.75%, 19, 500, 4, 205.06, 6126235
1439532221, 0, 987, 3161, 3019, 538, 47.76%, 19, 500, 4, 208.77, 6127287
1439532226, 0, 987, 3163, 3021, 538, 47.77%, 19, 500, 4, 205.22, 6128307
1439532236, 0, 987, 3164, 3022, 538, 47.77%, 19, 500, 4, 224.67, 6130555
1439532241, 0, 987, 3165, 3023, 538, 47.77%, 19, 500, 4, 208.16, 6131609
1439532246, 0, 987, 3166, 3024, 538, 47.77%, 19, 500, 4, 202.10, 6132633
1439532261, 0, 987, 3167, 3025, 538, 47.78%, 19, 500, 4, 201.24, 6135933
1439532266, 0, 987, 3169, 3027, 538, 47.78%, 19, 500, 4, 203.49, 6136965
1439532272, 0, 987, 3171, 3029, 538, 47.79%, 19, 500, 4, 214.08, 6138021
1439532277, 0, 987, 3172, 3030, 538, 47.79%, 19, 500, 4, 203.58, 6139045
1439532282, 0, 987, 3173, 3031, 538, 47.79%, 19, 500, 4, 210.69, 6140141
1439532287, 0, 987, 3174, 3032, 538, 47.79%, 19, 500, 4, 213.62, 6141225
1439532292, 0, 987, 3176, 3034, 538, 47.98%, 19, 500, 4, 203.34, 6142257
1439532297, 0, 987, 3178, 3036, 538, 47.98%, 19, 500, 4, 186.39, 6143215
1439532302, 0, 987, 3179, 3037, 538, 47.99%, 19, 500, 4, 210.32, 6144289
1439532312, 0, 987, 3184, 3042, 538, 48.00%, 19, 500, 4, 187.45, 6146391
1439532317, 0, 987, 3185, 3043, 538, 48.00%, 19, 500, 4, 200.80, 6147456
1439532323, 0, 987, 3186, 3044, 538, 48.01%, 19, 500, 4, 202.68, 6148548
1439532328, 0, 987, 3187, 3045, 538, 48.01%, 19, 500, 4, 215.71, 6149673
1439532338, 0, 987, 3189, 3047, 538, 48.01%, 19, 500, 4, 195.75, 6151697
1439532343, 0, 987, 3190, 3048, 538, 48.02%, 19, 500, 4, 210.72, 6152741
1439532348, 0, 987, 3191, 3049, 538, 48.02%, 19, 500, 4, 209.51, 6153809
1439532353, 0, 987, 3194, 3052, 538, 48.03%, 19, 500, 4, 198.31, 6154750
1439532358, 0, 987, 3196, 3054, 538, 48.03%, 19, 500, 4, 202.16, 6155775
1439532368, 0, 987, 3199, 3057, 538, 48.04%, 19, 500, 4, 204.32, 6157932
1439532384, 0, 987, 3202, 3060, 538, 48.04%, 19, 500, 4, 182.12, 6160879
1439532394, 0, 987, 3204, 3062, 538, 48.05%, 19, 500, 4, 204.41, 6162987
1439532404, 0, 987, 3208, 3066, 538, 48.06%, 19, 500, 4, 182.55, 6165050
1439532409, 0, 987, 3210, 3068, 538, 48.07%, 19, 500, 4, 201.68, 6166086
1439532414, 0, 987, 3212, 3070, 538, 48.07%, 19, 500, 4, 192.89, 6167098
1439532424, 0, 987, 3215, 3073, 538, 48.08%, 19, 500, 4, 208.17, 6169091
1439532429, 0, 987, 3217, 3075, 538, 48.08%, 19, 500, 4, 205.29, 6170095
1439532440, 0, 987, 3218, 3076, 538, 48.09%, 19, 500, 4, 198.62, 6172222
1439532445, 0, 987, 3219, 3077, 538, 48.09%, 19, 500, 4, 206.72, 6173243
1439532450, 0, 987, 3221, 3079, 538, 48.10%, 19, 500, 4, 198.97, 6174022
1439532455, 0, 987, 3223, 3081, 538, 48.10%, 19, 500, 4, 199.13, 6174984
1439532460, 0, 987, 3224, 3082, 538, 48.10%, 19, 500, 4, 188.93, 6175948
1439532465, 0, 987, 3226, 3084, 538, 48.11%, 19, 500, 4, 190.03, 6176746
1439532470, 0, 987, 3227, 3085, 538, 48.11%, 19, 500, 4, 197.66, 6177664
1439532475, 0, 987, 3229, 3087, 538, 48.12%, 19, 500, 4, 220.88, 6178577
1439532480, 0, 987, 3231, 3089, 538, 48.12%, 19, 500, 4, 182.86, 6179502
1439532486, 0, 987, 3232, 3090, 538, 48.12%, 19, 500, 4, 185.05, 6180352
1439532491, 0, 987, 3233, 3091, 538, 48.12%, 19, 500, 4, 199.11, 6181367
1439532496, 0, 987, 3234, 3092, 538, 48.12%, 19, 500, 4, 202.07, 6182358
1439532501, 0, 987, 3237, 3095, 538, 48.12%, 19, 500, 4, 190.75, 6183287
1439532506, 0, 987, 3238, 3096, 538, 48.13%, 19, 500, 4, 199.79, 6184312
1439532511, 0, 987, 3239, 3097, 538, 48.13%, 19, 500, 4, 16.26, 6185366
1439532517, 0, 987, 3242, 3100, 538, 48.14%, 19, 500, 4, 10.19, 6186284
1439532522, 0, 987, 3244, 3102, 538, 48.15%, 19, 500, 4, 19.58, 6187160
1439532527, 0, 987, 3245, 3103, 538, 48.15%, 19, 500, 4, 206.09, 6188036
1439532532, 0, 987, 3246, 3104, 538, 48.15%, 19, 500, 4, 208.27, 6188956
1439532543, 0, 987, 3249, 3107, 538, 48.17%, 19, 500, 4, 185.44, 6190978
1439532548, 0, 987, 3251, 3109, 538, 48.17%, 19, 500, 4, 200.54, 6192013
1439532553, 0, 987, 3253, 3111, 538, 48.18%, 19, 500, 4, 183.65, 6192885
1439532558, 0, 987, 3255, 3113, 538, 48.19%, 19, 500, 4, 187.73, 6193835
1439532563, 0, 987, 3257, 3115, 538, 48.27%, 19, 500, 4, 196.25, 6194788
1439532568, 0, 987, 3258, 3116, 538, 48.27%, 19, 500, 4, 194.47, 6195791
1439532573, 0, 987, 3260, 3118, 538, 48.28%, 19, 500, 4, 205.83, 6196879
1439532588, 0, 987, 3261, 3119, 538, 48.28%, 19, 500, 4, 204.67, 6200066
1439532593, 0, 987, 3262, 3120, 538, 48.28%, 19, 500, 4, 205.23, 6201058
1439532599, 0, 987, 3266, 3124, 538, 48.29%, 19, 500, 4, 175.88, 6201901
1439532604, 0, 987, 3269, 3127, 538, 48.30%, 19, 500, 4, 166.23, 6202777
1439532609, 0, 987, 3270, 3128, 538, 48.30%, 19, 500, 4, 203.32, 6203838
1439532614, 0, 987, 3271, 3129, 538, 48.31%, 19, 500, 4, 193.22, 6204838
1439532619, 0, 987, 3272, 3130, 538, 48.31%, 19, 500, 4, 202.90, 6205850
1439532629, 0, 987, 3275, 3133, 538, 48.32%, 19, 500, 4, 199.44, 6207933
1439532634, 0, 987, 3278, 3136, 538, 48.33%, 19, 500, 4, 223.38, 6208836
1439532639, 0, 987, 3279, 3137, 538, 48.33%, 19, 500, 4, 219.31, 6209899
1439532644, 0, 987, 3280, 3138, 538, 48.33%, 19, 500, 4, 203.09, 6210919
1439532649, 0, 987, 3283, 3141, 538, 48.34%, 19, 500, 4, 184.50, 6211814
1439532654, 0, 987, 3284, 3142, 538, 48.34%, 19, 500, 4, 199.40, 6212784
1439532664, 0, 987, 3285, 3143, 538, 48.35%, 19, 500, 4, 210.46, 6214931
1439532670, 0, 987, 3287, 3145, 538, 48.36%, 19, 500, 4, 207.09, 6215916
1439532675, 0, 987, 3289, 3147, 538, 48.36%, 19, 500, 4, 213.78, 6216968
1439532680, 0, 987, 3290, 3148, 538, 48.37%, 19, 500, 4, 237.25, 6217858
1439532685, 0, 987, 3292, 3150, 538, 48.37%, 19, 500, 4, 219.97, 6218886
1439532690, 0, 987, 3293, 3151, 538, 48.37%, 19, 500, 4, 201.96, 6219792
1439532695, 0, 987, 3294, 3152, 538, 48.37%, 19, 500, 4, 32.21, 6220583
1439532700, 0, 987, 3295, 3153, 538, 48.38%, 19, 500, 4, 37.19, 6221437
1439532710, 0, 987, 3297, 3155, 538, 48.38%, 19, 500, 4, 214.05, 6223227
1439532715, 0, 987, 3299, 3157, 538, 48.38%, 19, 500, 4, 213.72, 6224178
1439532721, 0, 987, 3300, 3158, 538, 48.39%, 19, 500, 4, 211.91, 6225206
1439532726, 0, 987, 3301, 3159, 538, 48.39%, 19, 500, 4, 207.17, 6226225
1439532731, 0, 987, 3302, 3160, 538, 48.39%, 19, 500, 4, 216.72, 6227277
1439532736, 0, 987, 3306, 3164, 538, 48.40%, 19, 500, 4, 185.52, 6228156
1439532741, 0, 987, 3307, 3165, 538, 48.41%, 19, 500, 4, 192.53, 6229180
1439532746, 0, 987, 3309, 3167, 538, 48.41%, 19, 500, 4, 198.01, 6230226
1439532751, 0, 987, 3312, 3170, 538, 48.42%, 19, 500, 4, 185.54, 6231167
1439532756, 0, 987, 3315, 3173, 538, 48.43%, 19, 500, 4, 195.48, 6232112
1439532761, 0, 987, 3317, 3175, 538, 48.43%, 19, 500, 4, 192.96, 6233104
1439532766, 0, 987, 3318, 3176, 538, 48.44%, 19, 500, 4, 195.02, 6234086
1439532771, 0, 987, 3319, 3177, 538, 48.44%, 19, 500, 4, 208.84, 6235150
1439532776, 0, 987, 3321, 3179, 538, 48.45%, 19, 500, 4, 189.06, 6236117
1439532781, 0, 987, 3322, 3180, 538, 48.45%, 19, 500, 4, 201.72, 6237122
1439532786, 0, 987, 3323, 3181, 538, 48.45%, 19, 500, 4, 205.29, 6238166
1439532791, 0, 987, 3325, 3183, 538, 48.46%, 19, 500, 4, 201.28, 6239121
1439532801, 0, 987, 3326, 3184, 538, 48.46%, 19, 500, 4, 218.66, 6241326
1439532807, 0, 987, 3327, 3185, 538, 48.46%, 19, 500, 4, 215.42, 6242380
1439532812, 0, 987, 3330, 3187, 537, 48.47%, 19, 500, 4, 173.02, 6243235
1439532817, 0, 987, 3340, 3197, 537, 48.51%, 19, 500, 4, 133.71, 6243886
1439532822, 0, 987, 3372, 3229, 537, 48.52%, 19, 500, 4, 127.96, 6244598
1439532827, 0, 993, 3387, 3244, 634, 48.53%, 19, 500, 4, 173.76, 6245496
