# unix_time, cycles_done, cur_path, paths_total, pending_total, pending_favs, map_size, unique_crashes, unique_hangs, max_depth, execs_per_sec, execs_so_far
1439507814, 0, 0, 1, 1, 1, 4.03%, 0, 0, 1, 357.14, 10
1439507819, 0, 0, 71, 71, 1, 5.65%, 0, 0, 2, 356.15, 1847
1439507825, 0, 0, 94, 94, 1, 5.75%, 0, 1, 2, 351.60, 3521
1439507830, 0, 0, 103, 103, 1, 5.80%, 0, 1, 2, 374.47, 5428
1439507835, 0, 0, 116, 116, 1, 6.47%, 0, 1, 2, 368.98, 7260
1439507840, 0, 0, 157, 157, 1, 6.52%, 0, 1, 2, 353.31, 9098
1439507845, 0, 0, 164, 164, 1, 6.52%, 0, 1, 2, 357.57, 10876
1439507865, 0, 0, 165, 165, 1, 6.52%, 0, 1, 2, 436.70, 18797
1439507870, 0, 0, 170, 170, 1, 6.52%, 0, 1, 2, 475.96, 21180
1439507875, 0, 0, 179, 179, 1, 6.55%, 0, 1, 2, 476.96, 23574
1439507880, 0, 0, 180, 180, 1, 6.55%, 0, 1, 2, 488.03, 26131
1439507886, 0, 0, 188, 188, 1, 6.61%, 0, 1, 2, 468.67, 28504
1439507901, 0, 0, 219, 219, 1, 6.66%, 0, 1, 2, 448.51, 35771
1439507906, 0, 0, 244, 244, 1, 6.83%, 0, 1, 2, 442.92, 38056
1439507911, 0, 0, 266, 266, 1, 6.84%, 0, 1, 2, 436.03, 40220
1439507916, 0, 0, 283, 283, 1, 6.85%, 0, 1, 2, 442.84, 42446
1439507921, 0, 0, 292, 292, 1, 6.85%, 0, 1, 2, 439.22, 44632
1439507926, 0, 0, 306, 306, 1, 7.31%, 0, 1, 2, 430.85, 46802
1439507931, 0, 0, 320, 320, 1, 7.31%, 0, 1, 2, 443.30, 49038
1439507936, 0, 0, 333, 333, 1, 7.36%, 0, 1, 2, 448.22, 51288
1439507941, 0, 0, 345, 345, 1, 7.39%, 0, 1, 2, 429.23, 53432
1439507947, 0, 0, 360, 360, 1, 7.97%, 0, 1, 2, 433.05, 55718
1439507952, 0, 0, 367, 367, 1, 7.98%, 0, 1, 2, 449.98, 58068
1439507957, 0, 0, 374, 374, 1, 7.98%, 0, 1, 2, 451.59, 60355
1439507962, 0, 0, 379, 379, 1, 7.98%, 0, 1, 2, 455.13, 62646
1439507967, 0, 0, 384, 384, 1, 7.98%, 0, 1, 2, 445.12, 64886
1439507972, 0, 0, 389, 389, 1, 8.03%, 0, 1, 2, 455.33, 67201
1439507977, 0, 0, 392, 392, 1, 8.03%, 0, 1, 2, 454.28, 69499
1439507982, 0, 0, 394, 394, 1, 8.07%, 0, 1, 2, 457.51, 71814
1439507987, 0, 0, 397, 397, 1, 8.07%, 0, 1, 2, 437.27, 74059
1439507992, 0, 0, 401, 401, 1, 8.07%, 0, 1, 2, 451.53, 76325
1439507997, 0, 0, 405, 405, 1, 8.07%, 0, 1, 2, 456.59, 78633
1439508002, 0, 0, 409, 409, 1, 8.08%, 0, 1, 2, 458.68, 80977
1439508007, 0, 0, 411, 411, 1, 8.10%, 0, 1, 2, 454.73, 83283
1439508012, 0, 0, 416, 416, 1, 8.10%, 0, 1, 2, 450.66, 85537
1439508018, 0, 0, 418, 418, 1, 8.10%, 0, 1, 2, 453.55, 87862
1439508023, 0, 0, 422, 422, 1, 8.10%, 0, 1, 2, 458.45, 90179
1439508028, 0, 0, 426, 426, 1, 8.10%, 0, 1, 2, 452.25, 92460
1439508033, 0, 0, 427, 427, 1, 8.10%, 0, 1, 2, 456.95, 94783
1439508038, 0, 0, 431, 431, 1, 8.10%, 0, 1, 2, 449.46, 97039
1439508043, 0, 0, 438, 438, 1, 8.10%, 0, 1, 2, 447.97, 99365
1439508048, 0, 0, 442, 442, 1, 8.10%, 0, 1, 2, 456.17, 101683
1439508053, 0, 0, 443, 443, 1, 8.10%, 0, 1, 2, 454.33, 103979
1439508058, 0, 0, 446, 446, 1, 8.11%, 0, 1, 2, 446.98, 106237
1439508063, 0, 0, 451, 451, 1, 8.11%, 0, 1, 2, 451.01, 108503
1439508073, 0, 0, 452, 452, 1, 8.11%, 0, 1, 2, 455.71, 113132
1439508078, 0, 0, 455, 455, 1, 8.11%, 0, 1, 2, 449.96, 115383
1439508084, 0, 0, 458, 458, 1, 8.20%, 0, 1, 2, 458.03, 117737
1439508094, 0, 0, 464, 464, 1, 8.20%, 0, 1, 2, 452.77, 122324
1439508099, 0, 0, 466, 466, 1, 8.21%, 0, 1, 2, 449.60, 124612
1439508104, 0, 0, 467, 467, 1, 8.21%, 0, 1, 2, 453.14, 126908
1439508109, 0, 0, 469, 469, 1, 8.21%, 0, 1, 2, 454.34, 129196
1439508119, 0, 0, 471, 471, 1, 8.21%, 0, 1, 2, 451.49, 133779
1439508124, 0, 0, 473, 473, 1, 8.21%, 0, 1, 2, 453.38, 136049
1439508139, 0, 0, 474, 474, 1, 8.21%, 0, 1, 2, 451.60, 142836
1439508149, 0, 0, 475, 475, 1, 8.21%, 0, 1, 2, 447.12, 147367
1439508154, 0, 0, 478, 478, 1, 8.22%, 0, 1, 2, 446.15, 149621
1439508164, 0, 0, 481, 481, 1, 8.22%, 0, 1, 2, 447.85, 154115
1439508169, 0, 0, 482, 482, 1, 8.22%, 0, 1, 2, 445.21, 156357
1439508174, 0, 0, 483, 483, 1, 8.31%, 0, 1, 2, 450.24, 158622
1439508194, 0, 0, 484, 484, 1, 8.31%, 0, 1, 2, 450.46, 167668
1439508199, 0, 0, 487, 487, 1, 8.31%, 0, 1, 2, 448.41, 169935
1439508225, 0, 0, 488, 488, 1, 8.31%, 0, 1, 2, 452.47, 181397
1439508230, 0, 0, 489, 489, 1, 8.31%, 0, 1, 2, 454.06, 183693
1439508240, 0, 0, 491, 491, 1, 8.31%, 0, 1, 2, 457.13, 188357
1439508245, 0, 0, 493, 493, 1, 8.31%, 0, 1, 2, 457.63, 190654
1439508250, 0, 0, 494, 494, 1, 8.33%, 0, 1, 2, 458.26, 192959
1439508255, 0, 0, 496, 496, 1, 8.33%, 0, 1, 2, 458.78, 195301
1439508260, 0, 0, 497, 496, 0, 8.33%, 0, 1, 2, 437.77, 197544
1439508265, 0, 0, 559, 558, 0, 8.89%, 0, 1, 2, 338.08, 199147
1439508271, 0, 20, 564, 563, 98, 8.91%, 0, 1, 2, 424.05, 201341
1439508352, 0, 111, 567, 565, 98, 8.91%, 0, 1, 3, 468.20, 238151
1439508357, 0, 111, 570, 568, 98, 8.94%, 0, 1, 3, 434.60, 240374
1439508362, 0, 111, 576, 574, 98, 8.95%, 0, 1, 3, 427.45, 242580
1439508367, 0, 111, 579, 577, 98, 8.96%, 0, 1, 3, 421.54, 244762
1439508372, 0, 111, 581, 579, 98, 8.96%, 0, 1, 3, 420.02, 246942
1439508377, 0, 111, 584, 582, 98, 8.97%, 0, 1, 3, 423.14, 249124
1439508382, 0, 111, 585, 583, 98, 8.97%, 0, 2, 3, 422.50, 251238
1439508387, 0, 111, 586, 584, 98, 8.97%, 0, 2, 3, 418.08, 253416
1439508393, 0, 111, 592, 590, 98, 9.00%, 0, 2, 3, 422.18, 255612
1439508398, 0, 111, 593, 591, 98, 9.02%, 0, 2, 3, 418.65, 257806
1439508403, 0, 111, 594, 592, 98, 9.02%, 0, 2, 3, 421.81, 259992
1439508408, 0, 111, 596, 594, 98, 9.03%, 0, 2, 3, 423.98, 262188
1439508413, 0, 111, 598, 596, 98, 9.03%, 0, 2, 3, 423.61, 264384
1439508418, 0, 111, 599, 597, 98, 9.07%, 0, 2, 3, 420.46, 266482
1439508424, 0, 111, 602, 600, 98, 9.09%, 0, 2, 3, 425.78, 268688
1439508429, 0, 111, 605, 603, 98, 9.09%, 0, 2, 3, 419.61, 270870
1439508434, 0, 111, 608, 606, 98, 9.09%, 0, 2, 3, 422.80, 273060
1439508439, 0, 111, 609, 607, 98, 9.42%, 0, 2, 3, 423.56, 275246
1439508454, 0, 111, 611, 609, 98, 9.50%, 0, 2, 3, 411.85, 281490
1439508474, 0, 111, 612, 610, 98, 9.50%, 0, 2, 3, 412.26, 289788
1439508480, 0, 111, 613, 611, 98, 9.50%, 0, 2, 3, 410.92, 291934
1439508485, 0, 111, 614, 612, 98, 9.50%, 0, 2, 3, 418.30, 294096
1439508490, 0, 111, 615, 613, 98, 9.50%, 0, 2, 3, 418.89, 296202
1439508500, 0, 111, 616, 614, 98, 9.51%, 0, 2, 3, 410.51, 300396
1439508505, 0, 111, 617, 615, 98, 9.51%, 0, 2, 3, 403.36, 302484
1439508520, 0, 111, 618, 616, 98, 9.51%, 0, 2, 3, 416.62, 308774
1439508531, 0, 111, 619, 617, 98, 9.51%, 0, 2, 3, 419.60, 313072
1439508541, 0, 111, 620, 618, 98, 9.51%, 0, 2, 3, 419.49, 317330
1439508551, 0, 111, 621, 619, 98, 9.52%, 0, 2, 3, 424.05, 321732
1439508567, 0, 111, 622, 620, 98, 9.52%, 0, 2, 3, 418.53, 328278
1439508587, 0, 111, 626, 624, 98, 9.53%, 0, 2, 3, 428.02, 337086
1439508592, 0, 111, 630, 628, 98, 9.61%, 0, 2, 3, 424.03, 339278
1439508598, 0, 111, 631, 629, 98, 9.62%, 0, 2, 3, 421.74, 341432
1439508603, 0, 111, 632, 630, 98, 9.62%, 0, 2, 3, 423.73, 343594
1439508613, 0, 111, 634, 632, 98, 9.62%, 0, 2, 3, 412.22, 347934
1439508618, 0, 111, 635, 633, 98, 9.62%, 0, 2, 3, 413.39, 350080
1439508623, 0, 111, 636, 634, 98, 9.62%, 0, 2, 3, 425.32, 352290
1439508634, 0, 111, 639, 637, 98, 9.62%, 0, 2, 3, 425.24, 356696
1439508644, 0, 111, 640, 638, 98, 9.62%, 0, 2, 3, 423.88, 361090
1439508649, 0, 111, 642, 640, 98, 9.62%, 0, 2, 3, 415.70, 363158
1439508664, 0, 111, 643, 641, 98, 9.66%, 0, 2, 3, 421.69, 369448
1439508669, 0, 111, 644, 642, 98, 9.66%, 0, 2, 3, 423.08, 371658
1439508680, 0, 111, 647, 645, 98, 9.66%, 0, 2, 3, 416.71, 376000
1439508685, 0, 111, 648, 646, 98, 9.66%, 0, 2, 3, 422.04, 378202
1439508706, 0, 111, 649, 647, 98, 9.67%, 0, 2, 3, 422.60, 386924
1439508711, 0, 111, 650, 648, 98, 9.67%, 0, 2, 3, 421.17, 389110
1439508721, 0, 111, 651, 649, 98, 9.67%, 0, 2, 3, 412.47, 393288
1439508736, 0, 111, 652, 650, 98, 9.67%, 0, 2, 3, 419.74, 399778
1439508741, 0, 112, 652, 649, 134, 9.67%, 0, 2, 3, 456.56, 402085
1439508818, 0, 112, 654, 651, 134, 9.67%, 0, 2, 3, 448.35, 437761
1439508828, 0, 112, 655, 652, 134, 9.68%, 0, 2, 3, 450.92, 442298
1439508849, 0, 112, 657, 654, 134, 9.68%, 0, 2, 3, 447.01, 451365
1439508859, 0, 112, 658, 655, 134, 9.68%, 0, 2, 3, 456.12, 455984
1439508879, 0, 112, 659, 656, 134, 9.68%, 0, 2, 3, 449.71, 465217
1439508889, 0, 112, 660, 657, 134, 9.68%, 0, 2, 3, 443.44, 469795
1439508915, 0, 112, 662, 659, 134, 9.68%, 0, 2, 3, 449.71, 481247
1439508935, 0, 112, 663, 660, 134, 9.68%, 0, 2, 3, 456.34, 490468
1439508985, 0, 112, 664, 661, 134, 9.68%, 0, 2, 3, 451.65, 513248
1439508996, 0, 112, 665, 662, 134, 9.68%, 0, 2, 3, 451.00, 517866
1439509006, 0, 112, 666, 663, 134, 9.68%, 0, 2, 3, 450.16, 522447
1439509056, 0, 112, 667, 664, 134, 9.68%, 0, 2, 3, 445.86, 545145
1439509102, 0, 112, 668, 665, 134, 9.68%, 0, 2, 3, 445.83, 565163
1439509107, 0, 112, 669, 666, 134, 9.70%, 0, 2, 3, 449.96, 567415
1439509112, 0, 112, 670, 667, 134, 9.70%, 0, 2, 3, 435.99, 569687
1439509142, 0, 112, 671, 668, 134, 9.70%, 0, 2, 3, 440.92, 583153
1439509153, 0, 112, 672, 669, 134, 9.70%, 0, 2, 3, 453.27, 587740
1439509168, 0, 167, 672, 668, 134, 9.70%, 0, 2, 3, 318.50, 593920
1439509173, 0, 167, 672, 668, 134, 9.70%, 0, 6, 3, 61.08, 594751
1439509178, 0, 167, 672, 668, 134, 9.70%, 0, 7, 3, 90.47, 595225
1439509183, 0, 167, 672, 668, 134, 9.70%, 0, 9, 3, 147.01, 596019
1439509188, 0, 167, 672, 668, 134, 9.70%, 0, 10, 3, 139.20, 596637
1439509193, 0, 167, 672, 668, 134, 9.70%, 0, 11, 3, 67.55, 597191
1439509300, 0, 167, 673, 669, 134, 9.70%, 0, 11, 3, 413.61, 629153
1439509306, 0, 167, 674, 670, 134, 9.70%, 0, 12, 3, 32.16, 630963
1439509311, 0, 167, 674, 670, 134, 9.70%, 0, 13, 3, 400.49, 632948
1439509317, 0, 167, 676, 672, 134, 9.70%, 0, 13, 3, 397.30, 634935
1439509383, 0, 167, 676, 672, 134, 9.70%, 0, 14, 3, 369.47, 660709
1439509398, 0, 167, 677, 673, 134, 9.70%, 0, 14, 3, 408.29, 667033
1439509418, 0, 167, 678, 674, 134, 9.70%, 0, 14, 3, 413.77, 675491
1439509423, 0, 167, 679, 675, 134, 9.70%, 0, 14, 3, 414.32, 677581
1439509494, 0, 167, 681, 677, 134, 9.71%, 0, 14, 3, 419.80, 707017
1439509499, 0, 167, 682, 678, 134, 9.75%, 0, 14, 3, 418.42, 709123
1439509509, 0, 167, 683, 679, 134, 9.75%, 0, 14, 3, 417.24, 713117
1439509520, 0, 167, 684, 680, 134, 9.75%, 0, 14, 3, 410.63, 717351
1439509530, 0, 167, 685, 681, 134, 9.75%, 0, 14, 3, 416.19, 721617
1439509565, 0, 167, 686, 682, 134, 9.75%, 0, 14, 3, 401.74, 736121
1439509595, 0, 167, 687, 683, 134, 9.75%, 0, 14, 3, 355.94, 748125
1439509616, 0, 167, 688, 684, 134, 9.75%, 0, 14, 3, 393.15, 755926
1439509621, 0, 167, 690, 686, 134, 9.75%, 0, 14, 3, 401.41, 757977
1439509656, 0, 167, 691, 687, 134, 9.76%, 0, 14, 3, 405.99, 772395
1439509671, 0, 167, 692, 688, 134, 9.76%, 0, 14, 3, 347.73, 777777
1439509676, 0, 167, 693, 689, 134, 9.76%, 0, 14, 3, 353.01, 779580
1439509697, 0, 181, 693, 688, 137, 9.76%, 0, 14, 3, 486.50, 787700
1439509722, 0, 181, 756, 750, 136, 10.07%, 0, 14, 3, 388.70, 799800
1439509727, 0, 181, 825, 819, 136, 10.20%, 1, 14, 3, 318.92, 801285
1439509733, 0, 193, 836, 830, 172, 10.22%, 2, 14, 3, 470.77, 803876
1439509748, 0, 193, 836, 830, 172, 10.22%, 2, 15, 3, 446.00, 811427
1439509758, 0, 196, 836, 829, 171, 10.22%, 2, 15, 3, 420.56, 815779
1439509763, 0, 196, 837, 830, 171, 10.22%, 2, 15, 3, 411.35, 817853
1439509783, 0, 200, 837, 829, 171, 10.22%, 2, 15, 3, 481.31, 826517
1439509819, 0, 204, 837, 828, 170, 10.22%, 2, 15, 3, 496.42, 844608
1439509850, 0, 208, 837, 827, 169, 10.22%, 2, 15, 3, 428.91, 859667
1439509880, 0, 225, 856, 845, 171, 10.28%, 2, 15, 3, 423.40, 872536
1439509916, 0, 225, 857, 846, 171, 10.28%, 2, 15, 3, 467.07, 890969
1439509931, 0, 227, 857, 845, 170, 10.28%, 2, 15, 3, 481.07, 898107
1439509942, 0, 227, 858, 846, 170, 10.28%, 2, 15, 3, 471.17, 903040
1439509952, 0, 233, 858, 845, 171, 10.28%, 2, 15, 3, 423.87, 907474
1439509967, 0, 233, 859, 846, 171, 10.28%, 2, 15, 3, 407.75, 913619
1439509977, 0, 234, 859, 845, 170, 10.28%, 2, 15, 3, 403.15, 917747
1439510013, 0, 235, 859, 844, 169, 10.28%, 2, 15, 3, 485.88, 934474
1439510043, 0, 237, 871, 855, 168, 10.33%, 2, 15, 3, 422.20, 948597
1439510069, 0, 237, 872, 856, 168, 10.33%, 2, 15, 3, 474.93, 961758
1439510079, 0, 237, 873, 857, 168, 10.33%, 2, 15, 3, 416.66, 966064
1439510115, 0, 246, 873, 856, 167, 10.33%, 2, 16, 3, 327.55, 981503
1439510120, 0, 246, 874, 857, 167, 10.33%, 2, 16, 3, 288.31, 982908
1439510136, 0, 246, 876, 859, 167, 10.33%, 2, 16, 3, 314.72, 987484
1439510156, 0, 246, 877, 860, 167, 10.33%, 2, 16, 3, 325.55, 993817
1439510171, 0, 246, 878, 861, 167, 10.33%, 2, 17, 3, 381.71, 998713
1439510176, 0, 246, 880, 863, 167, 10.42%, 2, 17, 3, 382.77, 1000637
1439510181, 0, 246, 882, 865, 167, 10.42%, 2, 17, 3, 378.08, 1002589
1439510232, 0, 246, 885, 868, 167, 10.43%, 2, 17, 3, 380.81, 1021925
1439510237, 0, 246, 886, 869, 167, 10.43%, 2, 17, 3, 378.65, 1023818
1439510248, 0, 246, 887, 870, 167, 10.43%, 2, 17, 3, 375.54, 1027643
1439510253, 0, 246, 888, 871, 167, 10.43%, 2, 17, 3, 380.68, 1029550
1439510263, 0, 246, 889, 872, 167, 10.43%, 2, 17, 3, 384.98, 1033473
1439510273, 0, 246, 890, 873, 167, 10.43%, 2, 17, 3, 379.82, 1037326
1439510283, 0, 246, 893, 876, 167, 10.43%, 2, 17, 3, 375.10, 1041255
1439510380, 0, 246, 895, 878, 167, 10.43%, 2, 17, 3, 381.78, 1078186
1439510385, 0, 246, 896, 879, 167, 10.43%, 2, 17, 3, 379.90, 1080100
1439510421, 0, 246, 897, 880, 167, 10.43%, 2, 17, 3, 377.62, 1093424
1439510431, 0, 246, 898, 881, 167, 10.43%, 2, 17, 3, 359.39, 1097263
1439510466, 0, 246, 898, 881, 167, 10.43%, 2, 18, 3, 378.80, 1110647
1439510477, 0, 246, 899, 882, 167, 10.44%, 2, 18, 3, 381.19, 1114514
1439510502, 0, 246, 900, 883, 167, 10.44%, 2, 18, 3, 375.48, 1124268
1439510589, 0, 248, 900, 882, 173, 10.44%, 2, 18, 3, 413.74, 1156349
1439510614, 0, 248, 901, 883, 173, 10.44%, 2, 18, 3, 463.96, 1169517
1439510635, 0, 256, 901, 882, 172, 10.44%, 2, 18, 3, 421.24, 1178446
1439510645, 0, 256, 901, 882, 172, 10.44%, 2, 19, 3, 280.69, 1181344
1439510660, 0, 256, 901, 882, 172, 10.44%, 2, 20, 3, 294.28, 1185800
1439510757, 0, 274, 901, 881, 171, 10.44%, 2, 20, 3, 417.99, 1216906
1439510763, 0, 274, 903, 883, 171, 10.45%, 2, 20, 3, 477.16, 1219465
1439510803, 0, 274, 904, 884, 171, 10.45%, 2, 20, 3, 482.28, 1239976
1439510824, 0, 274, 928, 907, 170, 11.48%, 4, 24, 3, 91.40, 1249097
1439510829, 0, 290, 936, 915, 185, 11.73%, 4, 26, 3, 360.87, 1251037
1439510859, 0, 290, 937, 916, 185, 11.74%, 4, 26, 3, 479.74, 1265501
1439510875, 0, 291, 937, 915, 185, 11.74%, 4, 26, 3, 409.22, 1272381
1439510880, 0, 291, 938, 916, 185, 11.74%, 4, 26, 3, 277.84, 1273637
1439510900, 0, 291, 939, 917, 185, 11.74%, 4, 26, 3, 259.80, 1278797
1439510906, 0, 291, 939, 917, 185, 11.74%, 4, 27, 3, 280.18, 1280332
1439510952, 0, 291, 941, 919, 185, 11.74%, 4, 27, 3, 363.55, 1293864
1439510962, 0, 291, 941, 919, 185, 11.74%, 4, 28, 3, 368.72, 1297588
1439510972, 0, 291, 942, 920, 185, 11.74%, 4, 28, 3, 367.86, 1301210
1439510982, 0, 291, 942, 920, 185, 11.74%, 4, 29, 3, 276.84, 1304314
1439510987, 0, 291, 942, 920, 185, 11.74%, 4, 31, 3, 287.83, 1305729
1439510992, 0, 291, 942, 920, 185, 11.74%, 4, 32, 3, 277.61, 1307224
1439510997, 0, 291, 943, 921, 185, 11.74%, 4, 33, 3, 272.68, 1308639
1439511002, 0, 291, 943, 921, 185, 11.74%, 4, 34, 3, 329.42, 1310374
1439511012, 0, 291, 944, 922, 185, 11.74%, 4, 34, 3, 370.80, 1314110
1439511038, 0, 291, 946, 924, 185, 11.74%, 4, 34, 3, 368.78, 1323489
1439511048, 0, 291, 947, 925, 185, 11.74%, 4, 34, 3, 365.80, 1327258
1439511053, 0, 291, 948, 926, 185, 11.74%, 4, 34, 3, 376.26, 1329172
1439511069, 0, 291, 949, 927, 185, 11.74%, 4, 34, 3, 366.14, 1334908
1439511074, 0, 291, 951, 929, 185, 11.74%, 4, 34, 3, 370.73, 1336783
1439511119, 0, 291, 952, 930, 185, 11.74%, 4, 34, 3, 367.32, 1353628
1439511160, 0, 291, 953, 931, 185, 11.74%, 4, 34, 3, 369.11, 1368492
1439511175, 0, 291, 953, 931, 185, 11.74%, 4, 36, 3, 352.32, 1374002
1439511206, 0, 291, 954, 932, 185, 11.74%, 4, 36, 3, 373.99, 1385337
1439511221, 0, 291, 955, 933, 185, 11.74%, 4, 36, 3, 369.94, 1390947
1439511231, 0, 291, 956, 934, 185, 11.75%, 4, 36, 3, 365.90, 1394639
1439511236, 0, 291, 957, 935, 185, 11.75%, 4, 36, 3, 360.56, 1396483
1439511241, 0, 291, 958, 936, 185, 11.75%, 4, 36, 3, 369.60, 1398369
1439511251, 0, 291, 959, 937, 185, 11.75%, 4, 36, 3, 366.62, 1402061
1439511266, 0, 291, 960, 938, 185, 11.75%, 4, 36, 3, 367.81, 1407657
1439511307, 0, 291, 961, 939, 185, 11.75%, 4, 36, 3, 368.75, 1422409
1439511353, 0, 291, 962, 940, 185, 11.75%, 4, 36, 3, 359.89, 1439233
1439511388, 0, 311, 962, 939, 186, 11.75%, 4, 36, 3, 469.05, 1452861
1439511449, 0, 317, 962, 938, 185, 11.75%, 4, 36, 3, 456.55, 1482783
1439511480, 0, 327, 962, 937, 184, 11.75%, 4, 36, 3, 406.39, 1497580
1439511500, 0, 327, 963, 938, 184, 11.75%, 4, 36, 3, 287.78, 1503544
1439511602, 0, 335, 982, 956, 186, 11.83%, 4, 38, 3, 366.53, 1538883
1439511648, 0, 343, 982, 955, 185, 11.83%, 4, 38, 3, 463.20, 1557146
1439511673, 0, 345, 982, 954, 184, 11.83%, 4, 38, 3, 441.63, 1569253
1439511704, 0, 352, 982, 953, 183, 11.83%, 4, 38, 3, 458.97, 1583616
1439511740, 0, 354, 982, 952, 183, 11.83%, 4, 38, 3, 452.20, 1600014
1439511781, 0, 365, 989, 958, 185, 13.58%, 4, 39, 3, 471.64, 1617831
1439511816, 0, 380, 989, 957, 184, 13.58%, 4, 39, 3, 366.21, 1634547
1439511821, 0, 380, 989, 957, 184, 13.58%, 4, 40, 3, 289.35, 1635915
1439511969, 0, 409, 989, 956, 184, 13.58%, 4, 40, 3, 497.93, 1683075
1439511994, 0, 415, 989, 955, 183, 13.58%, 4, 40, 3, 477.57, 1695625
1439512076, 0, 429, 990, 955, 182, 13.58%, 4, 40, 3, 309.61, 1733368
1439512091, 0, 429, 992, 957, 182, 13.59%, 4, 40, 3, 316.04, 1737792
1439512132, 0, 429, 993, 958, 182, 13.59%, 4, 40, 3, 352.89, 1750569
1439512157, 0, 447, 1014, 978, 192, 13.62%, 4, 40, 3, 407.79, 1760586
1439512214, 0, 459, 1014, 977, 191, 13.62%, 4, 40, 3, 371.82, 1785190
1439512325, 0, 472, 1015, 977, 190, 13.62%, 4, 40, 3, 459.08, 1821747
1439512330, 0, 472, 1016, 978, 190, 13.62%, 4, 40, 3, 483.24, 1824204
1439512350, 0, 472, 1017, 979, 190, 13.62%, 4, 40, 3, 462.82, 1834348
1439512355, 0, 472, 1018, 980, 190, 13.62%, 4, 40, 3, 447.56, 1836584
1439512365, 0, 472, 1019, 981, 190, 13.62%, 4, 40, 3, 452.38, 1841082
1439512406, 0, 472, 1021, 983, 190, 13.62%, 4, 40, 3, 452.10, 1859345
1439512411, 0, 472, 1023, 985, 190, 13.62%, 4, 40, 3, 454.35, 1861651
1439512416, 0, 472, 1024, 986, 190, 13.62%, 4, 40, 3, 448.82, 1863916
1439512421, 0, 472, 1025, 987, 190, 13.63%, 4, 40, 3, 454.55, 1866234
1439512431, 0, 472, 1025, 987, 190, 13.63%, 4, 41, 3, 449.14, 1870822
1439512441, 0, 472, 1026, 988, 190, 13.63%, 4, 41, 3, 454.17, 1875442
1439512457, 0, 472, 1027, 989, 190, 13.63%, 4, 41, 3, 462.30, 1882418
1439512462, 0, 472, 1029, 991, 190, 13.63%, 4, 41, 3, 455.75, 1884724
1439512472, 0, 472, 1030, 992, 190, 13.63%, 4, 41, 3, 456.29, 1889360
1439512599, 0, 472, 1031, 993, 190, 13.63%, 4, 41, 3, 447.55, 1946930
1439512705, 0, 476, 1031, 992, 192, 13.63%, 4, 41, 3, 489.42, 1995069
1439512746, 0, 489, 1031, 991, 191, 13.63%, 4, 41, 3, 426.96, 2014990
1439512761, 0, 489, 1031, 991, 191, 13.63%, 4, 42, 3, 384.73, 2020979
1439512807, 0, 489, 1089, 1048, 191, 13.78%, 5, 42, 3, 248.47, 2041151
1439512812, 0, 498, 1123, 1082, 195, 14.07%, 6, 49, 3, 361.27, 2042854
1439512858, 0, 510, 1123, 1081, 194, 14.07%, 6, 49, 3, 474.74, 2065913
1439512909, 0, 515, 1123, 1080, 193, 14.07%, 6, 49, 3, 413.85, 2090708
1439512914, 0, 515, 1124, 1081, 193, 14.07%, 6, 49, 3, 307.31, 2092144
1439512930, 0, 515, 1125, 1082, 193, 14.07%, 6, 49, 3, 281.79, 2096634
1439512950, 0, 515, 1125, 1082, 193, 14.07%, 6, 50, 3, 275.92, 2102844
1439513032, 0, 518, 1125, 1081, 192, 14.07%, 6, 50, 3, 419.56, 2131286
1439513109, 0, 525, 1126, 1081, 191, 14.07%, 6, 50, 3, 460.75, 2163395
1439513114, 0, 525, 1127, 1082, 191, 14.08%, 6, 50, 3, 471.00, 2165835
1439513119, 0, 525, 1129, 1084, 191, 14.08%, 6, 50, 3, 450.53, 2168206
1439513140, 0, 525, 1130, 1085, 191, 14.08%, 6, 50, 3, 426.28, 2177020
1439513181, 0, 525, 1131, 1086, 191, 14.08%, 6, 50, 3, 408.25, 2194550
1439513258, 0, 525, 1132, 1087, 191, 14.08%, 6, 50, 3, 427.89, 2226632
1439513346, 0, 525, 1133, 1088, 191, 14.08%, 6, 50, 3, 424.80, 2263962
1439513361, 0, 525, 1133, 1088, 191, 14.08%, 6, 51, 3, 429.55, 2270546
1439513377, 0, 525, 1134, 1089, 191, 14.08%, 6, 51, 3, 429.98, 2277164
1439513402, 0, 525, 1134, 1089, 191, 14.08%, 6, 52, 3, 407.02, 2288012
1439513453, 0, 525, 1134, 1089, 191, 14.08%, 6, 53, 3, 408.82, 2308940
1439513499, 0, 531, 1166, 1120, 199, 14.14%, 7, 53, 3, 396.78, 2328181
1439513566, 0, 534, 1166, 1119, 198, 14.14%, 7, 53, 3, 440.46, 2359631
1439513571, 0, 534, 1166, 1119, 198, 14.14%, 7, 54, 3, 336.22, 2361209
1439513663, 0, 537, 1166, 1118, 197, 14.14%, 7, 54, 3, 467.37, 2394587
1439513673, 0, 537, 1168, 1120, 197, 14.14%, 7, 54, 3, 494.89, 2399573
1439513678, 0, 537, 1170, 1122, 197, 14.14%, 7, 54, 3, 499.34, 2402089
1439513729, 0, 540, 1170, 1121, 196, 14.14%, 7, 54, 3, 494.36, 2426667
1439513750, 0, 542, 1170, 1120, 195, 14.14%, 7, 54, 3, 322.59, 2435214
1439513765, 0, 542, 1170, 1120, 195, 14.14%, 7, 55, 3, 296.23, 2439562
1439513868, 0, 542, 1171, 1121, 195, 14.14%, 7, 55, 3, 320.08, 2470360
1439513888, 0, 542, 1172, 1122, 195, 14.14%, 7, 55, 3, 412.95, 2478732
1439513898, 0, 542, 1173, 1123, 195, 14.14%, 7, 55, 3, 416.90, 2482910
1439513965, 0, 542, 1174, 1124, 195, 14.14%, 7, 55, 3, 421.39, 2510968
1439514062, 0, 543, 1194, 1143, 203, 14.17%, 7, 55, 3, 442.19, 2551879
1439514092, 0, 548, 1194, 1142, 202, 14.17%, 7, 55, 3, 353.28, 2566140
1439514143, 0, 554, 1194, 1141, 201, 14.17%, 7, 55, 3, 432.41, 2583398
1439514158, 0, 561, 1198, 1144, 200, 14.19%, 7, 55, 3, 453.36, 2589856
1439514163, 0, 561, 1201, 1147, 200, 14.19%, 7, 55, 3, 479.78, 2592328
1439514174, 0, 561, 1202, 1148, 200, 14.19%, 7, 56, 3, 457.38, 2597125
1439514179, 0, 561, 1205, 1151, 200, 14.20%, 7, 56, 3, 468.30, 2599567
1439514184, 0, 561, 1209, 1155, 200, 14.21%, 7, 57, 3, 440.55, 2601739
1439514189, 0, 561, 1216, 1162, 200, 14.22%, 7, 59, 3, 422.61, 2603841
1439514194, 0, 561, 1219, 1165, 200, 14.22%, 7, 59, 3, 418.78, 2605935
1439514199, 0, 561, 1222, 1168, 200, 14.23%, 7, 59, 3, 419.02, 2608109
1439514204, 0, 561, 1227, 1173, 200, 14.23%, 9, 59, 3, 415.36, 2610271
1439514209, 0, 561, 1228, 1174, 200, 14.24%, 9, 59, 3, 422.14, 2612449
1439514214, 0, 561, 1234, 1180, 200, 14.25%, 9, 60, 3, 417.95, 2614541
1439514220, 0, 561, 1237, 1183, 200, 14.26%, 9, 60, 3, 419.35, 2616707
1439514225, 0, 561, 1238, 1184, 200, 14.26%, 9, 61, 3, 422.58, 2618893
1439514230, 0, 561, 1241, 1187, 200, 14.27%, 9, 62, 3, 426.87, 2621099
1439514235, 0, 561, 1243, 1189, 200, 14.27%, 9, 62, 3, 437.85, 2623303
1439514240, 0, 561, 1245, 1191, 200, 14.28%, 9, 62, 3, 446.25, 2625579
1439514250, 0, 561, 1246, 1192, 200, 14.28%, 9, 62, 3, 444.61, 2630029
1439514255, 0, 561, 1247, 1193, 200, 14.28%, 9, 62, 3, 445.51, 2632279
1439514260, 0, 561, 1248, 1194, 200, 14.28%, 9, 62, 3, 446.14, 2634537
1439514265, 0, 561, 1249, 1195, 200, 14.28%, 9, 62, 3, 443.36, 2636795
1439514270, 0, 561, 1250, 1196, 200, 14.28%, 9, 62, 3, 445.09, 2639045
1439514275, 0, 561, 1253, 1199, 200, 14.29%, 9, 62, 3, 450.46, 2641339
1439514280, 0, 561, 1254, 1200, 200, 14.29%, 9, 62, 3, 435.59, 2643557
1439514286, 0, 561, 1255, 1201, 200, 14.29%, 10, 62, 3, 380.47, 2645439
1439514291, 0, 561, 1257, 1203, 200, 14.29%, 10, 63, 3, 376.92, 2647307
1439514301, 0, 561, 1258, 1204, 200, 14.29%, 10, 63, 3, 435.57, 2651813
1439514306, 0, 561, 1259, 1205, 200, 14.29%, 10, 63, 3, 441.18, 2654055
1439514311, 0, 561, 1260, 1206, 200, 14.29%, 10, 63, 3, 439.55, 2656265
1439514316, 0, 561, 1261, 1207, 200, 14.29%, 10, 63, 3, 437.11, 2658475
1439514321, 0, 561, 1262, 1208, 200, 14.29%, 10, 63, 3, 437.05, 2660669
1439514326, 0, 561, 1263, 1209, 200, 14.30%, 10, 63, 3, 443.69, 2662911
1439514336, 0, 561, 1267, 1213, 200, 14.30%, 10, 63, 3, 432.96, 2667327
1439514341, 0, 561, 1267, 1213, 200, 14.30%, 10, 64, 3, 437.83, 2669623
1439514346, 0, 561, 1267, 1213, 200, 14.30%, 10, 65, 3, 439.49, 2671847
1439514351, 0, 561, 1268, 1214, 200, 14.30%, 10, 65, 3, 440.93, 2674073
1439514362, 0, 561, 1269, 1215, 200, 14.30%, 10, 66, 3, 434.09, 2678483
1439514367, 0, 561, 1270, 1216, 200, 14.30%, 10, 66, 3, 431.86, 2680725
1439514382, 0, 561, 1270, 1216, 200, 14.30%, 10, 67, 3, 437.11, 2687341
1439514387, 0, 561, 1272, 1218, 200, 14.30%, 10, 68, 3, 435.60, 2689513
1439514397, 0, 561, 1273, 1219, 200, 14.30%, 10, 68, 3, 440.12, 2693947
1439514402, 0, 561, 1274, 1220, 200, 14.31%, 10, 68, 3, 436.21, 2696133
1439514422, 0, 561, 1275, 1221, 200, 14.31%, 10, 68, 3, 433.45, 2705015
1439514433, 0, 561, 1276, 1222, 200, 14.31%, 10, 68, 3, 436.76, 2709537
1439514438, 0, 561, 1277, 1223, 200, 14.31%, 10, 68, 3, 432.23, 2711771
1439514453, 0, 561, 1278, 1224, 200, 14.31%, 10, 69, 3, 428.35, 2718445
1439514464, 0, 561, 1278, 1224, 200, 14.31%, 10, 71, 3, 431.82, 2722925
1439514474, 0, 561, 1279, 1225, 200, 14.31%, 10, 72, 3, 433.19, 2727319
1439514484, 0, 561, 1279, 1225, 200, 14.31%, 10, 73, 3, 428.48, 2731791
1439514495, 0, 561, 1280, 1226, 200, 14.32%, 10, 73, 3, 433.02, 2736273
1439514500, 0, 561, 1281, 1227, 200, 14.32%, 10, 73, 3, 435.45, 2738531
1439514505, 0, 561, 1282, 1228, 200, 14.32%, 10, 73, 3, 433.01, 2740693
1439514520, 0, 561, 1284, 1230, 200, 14.32%, 10, 73, 3, 437.37, 2747289
1439514540, 0, 561, 1287, 1233, 200, 14.32%, 10, 73, 3, 437.38, 2756239
1439514550, 0, 561, 1290, 1236, 200, 14.33%, 10, 73, 3, 433.52, 2760645
1439514555, 0, 562, 1290, 1235, 233, 14.33%, 10, 73, 3, 465.88, 2762968
1439514606, 0, 562, 1299, 1243, 232, 14.75%, 10, 74, 3, 286.37, 2786151
1439514611, 0, 563, 1301, 1245, 235, 14.97%, 10, 74, 3, 438.25, 2788438
1439514647, 0, 569, 1302, 1245, 234, 14.97%, 10, 74, 4, 434.01, 2805209
1439514662, 0, 569, 1303, 1246, 234, 14.97%, 10, 74, 4, 407.76, 2811435
1439514672, 0, 569, 1304, 1247, 234, 14.97%, 10, 75, 4, 411.58, 2815605
1439514743, 0, 582, 1304, 1246, 233, 14.97%, 10, 75, 4, 376.53, 2844910
1439514748, 0, 582, 1305, 1247, 233, 14.97%, 10, 75, 4, 290.83, 2846259
1439514753, 0, 582, 1307, 1249, 233, 14.97%, 10, 76, 4, 258.87, 2847524
1439514774, 0, 582, 1309, 1251, 233, 14.97%, 10, 76, 4, 260.69, 2852754
1439514779, 0, 582, 1312, 1254, 233, 14.97%, 10, 77, 4, 317.53, 2854481
1439514784, 0, 582, 1313, 1255, 233, 14.97%, 11, 78, 4, 327.00, 2856123
1439514789, 0, 582, 1314, 1256, 233, 14.97%, 11, 78, 4, 330.03, 2857837
1439514794, 0, 582, 1316, 1258, 233, 14.98%, 11, 79, 4, 331.03, 2859555
1439514799, 0, 582, 1317, 1259, 233, 14.98%, 11, 79, 4, 315.70, 2861179
1439514804, 0, 582, 1320, 1262, 233, 14.98%, 12, 79, 4, 330.06, 2862823
1439514809, 0, 582, 1323, 1265, 233, 14.98%, 12, 80, 4, 329.11, 2864467
1439514819, 0, 582, 1324, 1266, 233, 14.98%, 12, 80, 4, 334.70, 2867813
1439514824, 0, 582, 1326, 1268, 233, 14.98%, 12, 80, 4, 337.35, 2869561
1439514830, 0, 582, 1327, 1269, 233, 14.98%, 12, 80, 4, 308.88, 2871101
1439514840, 0, 582, 1327, 1269, 233, 14.98%, 12, 81, 4, 325.54, 2874359
1439514855, 0, 582, 1327, 1269, 233, 14.98%, 13, 81, 4, 331.67, 2879525
1439514860, 0, 582, 1328, 1270, 233, 14.98%, 13, 82, 4, 332.02, 2881191
1439514870, 0, 582, 1329, 1271, 233, 14.98%, 13, 82, 4, 48.39, 2884219
1439514875, 0, 582, 1331, 1273, 233, 14.99%, 13, 83, 4, 318.67, 2885841
1439514881, 0, 582, 1332, 1274, 233, 14.99%, 13, 84, 4, 319.32, 2887447
1439514886, 0, 582, 1333, 1275, 233, 14.99%, 13, 84, 4, 319.87, 2889059
1439514891, 0, 582, 1333, 1275, 233, 14.99%, 14, 84, 4, 328.80, 2890721
1439514896, 0, 582, 1333, 1275, 233, 14.99%, 14, 85, 4, 323.72, 2892341
1439514901, 0, 582, 1334, 1276, 233, 14.99%, 14, 85, 4, 333.57, 2894091
1439514911, 0, 582, 1336, 1278, 233, 15.00%, 14, 85, 4, 329.71, 2897417
1439514921, 0, 582, 1337, 1279, 233, 15.00%, 15, 85, 4, 316.24, 2900655
1439514942, 0, 582, 1338, 1280, 233, 15.00%, 15, 85, 4, 294.94, 2906584
1439514947, 0, 582, 1339, 1281, 233, 15.00%, 15, 86, 4, 315.58, 2908223
1439514972, 0, 582, 1339, 1281, 233, 15.00%, 15, 87, 4, 329.74, 2916659
1439514988, 0, 582, 1339, 1281, 233, 15.00%, 15, 88, 4, 331.44, 2921717
1439514998, 0, 582, 1340, 1282, 233, 15.00%, 15, 88, 4, 331.74, 2925129
1439515003, 0, 582, 1342, 1284, 233, 15.00%, 15, 88, 4, 332.13, 2926775
1439515008, 0, 582, 1343, 1285, 233, 15.01%, 15, 88, 4, 332.93, 2928519
1439515013, 0, 582, 1344, 1286, 233, 15.01%, 15, 88, 4, 332.32, 2930191
1439515018, 0, 582, 1345, 1287, 233, 15.01%, 15, 88, 4, 329.55, 2931899
1439515059, 0, 582, 1346, 1288, 233, 15.01%, 15, 88, 4, 335.17, 2945529
1439515069, 0, 582, 1347, 1289, 233, 15.01%, 15, 88, 4, 333.68, 2948851
1439515084, 0, 582, 1347, 1289, 233, 15.01%, 15, 89, 4, 326.98, 2953867
1439515089, 0, 582, 1348, 1290, 233, 15.01%, 15, 89, 4, 325.31, 2955533
1439515110, 0, 582, 1348, 1290, 233, 15.01%, 16, 89, 4, 331.68, 2962403
1439515115, 0, 582, 1349, 1291, 233, 15.01%, 16, 89, 4, 327.91, 2964045
1439515135, 0, 582, 1350, 1292, 233, 15.01%, 16, 89, 4, 290.04, 2970310
1439515140, 0, 582, 1351, 1293, 233, 15.01%, 16, 89, 4, 291.43, 2971829
1439515166, 0, 582, 1352, 1294, 233, 15.01%, 16, 89, 4, 288.97, 2979139
1439515192, 0, 582, 1353, 1295, 233, 15.01%, 16, 89, 4, 291.78, 2986609
1439515222, 0, 582, 1354, 1296, 233, 15.01%, 16, 90, 4, 302.81, 2995793
1439515227, 0, 582, 1355, 1297, 233, 15.02%, 16, 90, 4, 307.71, 2997363
1439515232, 0, 582, 1356, 1298, 233, 15.02%, 16, 90, 4, 310.94, 2998933
1439515237, 0, 582, 1357, 1299, 233, 15.02%, 16, 90, 4, 304.74, 3000479
1439515242, 0, 582, 1358, 1300, 233, 15.02%, 16, 90, 4, 311.01, 3002037
1439515263, 0, 582, 1358, 1300, 233, 15.02%, 16, 91, 4, 304.78, 3008121
1439515278, 0, 582, 1358, 1300, 233, 15.02%, 16, 92, 4, 306.88, 3012777
1439515283, 0, 594, 1364, 1305, 240, 15.02%, 16, 92, 4, 273.44, 3014142
1439515288, 0, 594, 1365, 1306, 240, 15.02%, 16, 92, 4, 285.27, 3015547
1439515293, 0, 594, 1367, 1308, 240, 15.02%, 16, 93, 4, 325.68, 3017235
1439515298, 0, 594, 1369, 1310, 240, 15.02%, 16, 93, 4, 337.06, 3019001
1439515303, 0, 594, 1371, 1312, 240, 15.02%, 16, 93, 4, 348.28, 3020773
1439515324, 0, 594, 1372, 1313, 240, 15.02%, 16, 93, 4, 347.66, 3027911
1439515339, 0, 594, 1373, 1314, 240, 15.02%, 16, 93, 4, 346.31, 3033225
1439515344, 0, 594, 1374, 1315, 240, 15.02%, 16, 93, 4, 339.36, 3034927
1439515354, 0, 594, 1375, 1316, 240, 15.02%, 16, 93, 4, 347.11, 3038471
1439515359, 0, 594, 1376, 1317, 240, 15.02%, 16, 93, 4, 333.92, 3040125
1439515364, 0, 594, 1377, 1318, 240, 15.02%, 16, 93, 4, 349.64, 3041918
1439515385, 0, 594, 1378, 1319, 240, 15.02%, 16, 93, 4, 353.96, 3049054
1439515395, 0, 594, 1379, 1320, 240, 15.03%, 16, 93, 4, 344.38, 3052599
1439515400, 0, 594, 1381, 1322, 240, 15.03%, 16, 93, 4, 340.38, 3054365
1439515405, 0, 594, 1382, 1323, 240, 15.03%, 16, 93, 4, 335.09, 3056049
1439515431, 0, 594, 1383, 1324, 240, 15.03%, 16, 93, 4, 351.89, 3064980
1439515441, 0, 594, 1384, 1325, 240, 15.03%, 16, 94, 4, 343.05, 3068567
1439515446, 0, 594, 1385, 1326, 240, 15.03%, 16, 94, 4, 347.08, 3070389
1439515451, 0, 594, 1385, 1326, 240, 15.03%, 16, 95, 4, 342.69, 3072165
1439515466, 0, 594, 1386, 1327, 240, 15.03%, 16, 95, 4, 343.56, 3077401
1439515481, 0, 594, 1387, 1328, 240, 15.03%, 16, 95, 4, 354.20, 3082688
1439515492, 0, 594, 1388, 1329, 240, 15.03%, 16, 95, 4, 352.15, 3086247
1439515502, 0, 594, 1388, 1329, 240, 15.03%, 16, 96, 4, 196.58, 3089178
1439515517, 0, 594, 1388, 1329, 240, 15.03%, 16, 97, 4, 296.03, 3093747
1439515527, 0, 594, 1388, 1329, 240, 15.03%, 16, 99, 4, 321.79, 3096891
1439515542, 0, 594, 1389, 1330, 240, 15.04%, 16, 99, 4, 351.20, 3101951
1439515583, 0, 594, 1389, 1330, 240, 15.04%, 16, 100, 4, 351.24, 3116147
1439515608, 0, 594, 1390, 1331, 240, 15.04%, 16, 100, 4, 353.38, 3125082
1439515730, 0, 594, 1391, 1332, 240, 15.04%, 16, 100, 4, 285.81, 3163242
1439515770, 0, 597, 1391, 1331, 240, 15.04%, 16, 100, 4, 338.02, 3175920
1439515791, 0, 602, 1415, 1354, 248, 15.67%, 16, 101, 4, 276.64, 3182412
1439515811, 0, 607, 1415, 1353, 247, 15.67%, 16, 101, 4, 356.37, 3189574
1439515831, 0, 609, 1415, 1352, 246, 15.67%, 16, 101, 4, 333.76, 3196393
1439515847, 0, 612, 1415, 1351, 245, 15.67%, 16, 101, 4, 327.77, 3201454
1439515862, 0, 613, 1415, 1350, 244, 15.67%, 16, 101, 4, 374.09, 3206788
1439515882, 0, 615, 1421, 1355, 242, 15.68%, 16, 101, 4, 290.11, 3213466
1439515887, 0, 615, 1430, 1364, 242, 15.71%, 16, 101, 4, 301.89, 3215021
1439515893, 0, 615, 1432, 1366, 242, 15.71%, 16, 101, 4, 316.29, 3216703
1439515898, 0, 615, 1433, 1367, 242, 15.71%, 16, 101, 4, 316.42, 3218303
1439515903, 0, 615, 1434, 1368, 242, 15.71%, 16, 101, 4, 324.29, 3219945
1439515908, 0, 615, 1435, 1369, 242, 15.71%, 16, 101, 4, 317.90, 3221527
1439515913, 0, 615, 1439, 1373, 242, 15.72%, 16, 101, 4, 314.43, 3223097
1439515923, 0, 615, 1441, 1375, 242, 15.72%, 16, 101, 4, 322.87, 3226357
1439515933, 0, 615, 1442, 1376, 242, 15.72%, 16, 101, 4, 320.80, 3229547
1439515943, 0, 615, 1443, 1377, 242, 15.72%, 16, 101, 4, 322.87, 3232833
1439515953, 0, 615, 1444, 1378, 242, 15.72%, 16, 101, 4, 319.24, 3236035
1439515968, 0, 615, 1445, 1379, 242, 15.72%, 16, 101, 4, 315.43, 3240821
1439515973, 0, 615, 1447, 1381, 242, 15.72%, 16, 101, 4, 325.43, 3242533
1439516024, 0, 615, 1448, 1382, 242, 15.72%, 16, 101, 4, 323.79, 3258707
1439516060, 0, 615, 1449, 1383, 242, 15.72%, 16, 101, 4, 353.07, 3270841
1439516095, 0, 615, 1451, 1385, 242, 15.72%, 16, 101, 4, 347.16, 3283349
1439516105, 0, 615, 1452, 1386, 242, 15.72%, 16, 101, 4, 346.86, 3286869
1439516131, 0, 615, 1453, 1387, 242, 15.72%, 16, 101, 4, 294.73, 3294965
1439516212, 0, 615, 1456, 1390, 242, 15.73%, 16, 101, 4, 338.92, 3322441
1439516248, 0, 615, 1457, 1391, 242, 15.73%, 16, 101, 4, 341.54, 3334643
1439516253, 0, 615, 1457, 1391, 242, 15.73%, 16, 102, 4, 341.19, 3336389
1439516258, 0, 615, 1458, 1392, 242, 15.73%, 16, 102, 4, 341.08, 3338103
1439516315, 0, 615, 1459, 1393, 242, 15.73%, 16, 102, 4, 343.20, 3357205
1439516350, 0, 615, 1460, 1394, 242, 15.73%, 16, 102, 4, 352.46, 3369770
1439516365, 0, 616, 1460, 1393, 256, 15.73%, 16, 102, 4, 350.27, 3375084
1439516375, 0, 618, 1460, 1392, 255, 15.73%, 16, 102, 4, 330.54, 3378532
1439516396, 0, 620, 1460, 1391, 254, 15.73%, 16, 102, 4, 401.54, 3385811
1439516401, 0, 620, 1461, 1392, 254, 15.73%, 16, 102, 4, 381.11, 3387726
1439516426, 0, 622, 1462, 1392, 254, 15.73%, 16, 102, 4, 397.43, 3397022
1439516436, 0, 622, 1464, 1394, 254, 15.73%, 16, 102, 4, 383.87, 3401004
1439516441, 0, 622, 1465, 1395, 254, 15.74%, 16, 102, 4, 377.27, 3402876
1439516457, 0, 622, 1466, 1396, 254, 15.74%, 16, 102, 4, 360.60, 3408563
1439516462, 0, 622, 1467, 1397, 254, 15.74%, 16, 102, 4, 378.60, 3410484
1439516467, 0, 622, 1468, 1398, 254, 15.74%, 16, 102, 4, 379.96, 3412398
1439516502, 0, 622, 1468, 1398, 254, 15.74%, 16, 103, 4, 380.79, 3425775
1439516513, 0, 622, 1470, 1400, 254, 15.74%, 16, 103, 4, 376.74, 3429729
1439516518, 0, 622, 1470, 1400, 254, 15.74%, 17, 103, 4, 371.17, 3431668
1439516523, 0, 622, 1471, 1401, 254, 15.74%, 17, 104, 4, 370.37, 3433526
1439516563, 0, 622, 1473, 1403, 254, 15.74%, 17, 106, 4, 367.16, 3448708
1439516569, 0, 622, 1474, 1404, 254, 15.74%, 17, 106, 4, 370.68, 3450664
1439516584, 0, 622, 1475, 1405, 254, 15.74%, 17, 106, 4, 406.85, 3456511
1439516589, 0, 622, 1476, 1406, 254, 15.74%, 17, 106, 4, 415.41, 3458609
1439516594, 0, 622, 1476, 1406, 254, 15.74%, 18, 106, 4, 419.88, 3460721
1439516630, 0, 622, 1476, 1406, 254, 15.74%, 18, 108, 4, 422.92, 3475865
1439516645, 0, 622, 1477, 1407, 254, 15.75%, 18, 108, 4, 421.15, 3482347
1439516660, 0, 622, 1477, 1407, 254, 15.75%, 19, 108, 4, 333.91, 3487643
1439516701, 0, 622, 1478, 1408, 254, 15.75%, 19, 108, 4, 325.06, 3500961
1439516731, 0, 622, 1478, 1408, 254, 15.75%, 19, 109, 4, 333.17, 3510903
1439516762, 0, 622, 1479, 1409, 254, 15.75%, 19, 109, 4, 332.16, 3520927
1439516843, 0, 622, 1481, 1411, 254, 15.75%, 19, 109, 4, 346.18, 3548301
1439516878, 0, 622, 1497, 1426, 253, 16.35%, 19, 110, 4, 288.14, 3560333
1439516883, 0, 623, 1497, 1426, 265, 16.35%, 19, 110, 4, 362.06, 3562283
1439516904, 0, 625, 1497, 1425, 264, 16.35%, 19, 110, 4, 320.14, 3568956
1439516914, 0, 625, 1501, 1429, 264, 16.36%, 19, 110, 4, 326.20, 3572329
1439516924, 0, 625, 1502, 1430, 264, 16.36%, 19, 110, 4, 300.82, 3575351
1439516939, 0, 625, 1503, 1431, 264, 16.36%, 19, 110, 4, 310.53, 3579987
1439516954, 0, 625, 1504, 1432, 264, 16.36%, 19, 110, 4, 314.31, 3584665
1439516970, 0, 625, 1504, 1432, 264, 16.36%, 19, 111, 4, 337.33, 3589789
1439516975, 0, 625, 1505, 1433, 264, 16.36%, 19, 111, 4, 327.79, 3591455
1439516980, 0, 625, 1505, 1433, 264, 16.36%, 19, 112, 4, 321.19, 3593117
1439516985, 0, 625, 1506, 1434, 264, 16.36%, 19, 112, 4, 327.51, 3594783
1439516995, 0, 625, 1506, 1434, 264, 16.36%, 19, 113, 4, 323.35, 3597981
1439517041, 0, 625, 1507, 1435, 264, 16.36%, 19, 113, 4, 328.98, 3612805
1439517091, 0, 625, 1507, 1435, 264, 16.36%, 19, 114, 4, 321.39, 3629413
1439517112, 0, 625, 1509, 1437, 264, 16.37%, 19, 114, 4, 316.60, 3635889
1439517117, 0, 625, 1510, 1438, 264, 16.37%, 19, 114, 4, 310.14, 3637447
1439517127, 0, 625, 1511, 1439, 264, 16.37%, 19, 114, 4, 316.13, 3640667
1439517162, 0, 625, 1512, 1440, 264, 16.37%, 19, 114, 4, 334.49, 3652107
1439517178, 0, 625, 1513, 1441, 264, 16.37%, 19, 114, 4, 331.45, 3657163
1439517219, 0, 625, 1515, 1443, 264, 16.37%, 19, 114, 4, 321.72, 3670395
1439517254, 0, 625, 1516, 1444, 264, 16.38%, 19, 114, 4, 336.80, 3682339
1439517269, 0, 625, 1517, 1445, 264, 16.38%, 19, 114, 4, 323.78, 3687245
1439517295, 0, 625, 1517, 1445, 264, 16.38%, 19, 115, 4, 321.57, 3695591
1439517310, 0, 625, 1518, 1446, 264, 16.38%, 19, 115, 4, 334.36, 3700743
1439517407, 0, 626, 1518, 1445, 275, 16.38%, 19, 115, 4, 300.76, 3732608
1439517417, 0, 626, 1519, 1446, 275, 16.38%, 19, 115, 4, 232.08, 3734994
1439517448, 0, 629, 1524, 1450, 274, 16.39%, 19, 115, 4, 302.66, 3743186
1439517453, 0, 629, 1525, 1451, 274, 16.39%, 19, 115, 4, 321.90, 3744915
1439517483, 0, 636, 1525, 1450, 279, 16.39%, 19, 115, 4, 325.35, 3754581
1439517498, 0, 636, 1525, 1450, 279, 16.39%, 19, 116, 4, 323.89, 3759505
1439517503, 0, 644, 1533, 1457, 280, 16.40%, 19, 116, 4, 310.64, 3761068
1439517524, 0, 647, 1533, 1456, 279, 16.40%, 19, 116, 4, 352.62, 3767679
1439517544, 0, 648, 1533, 1455, 278, 16.40%, 19, 116, 4, 354.48, 3774584
1439517565, 0, 655, 1533, 1454, 277, 16.40%, 19, 116, 4, 206.28, 3780848
1439517570, 0, 655, 1535, 1456, 277, 16.40%, 19, 117, 4, 156.18, 3781564
1439517580, 0, 655, 1536, 1457, 277, 16.40%, 19, 117, 4, 238.28, 3783766
1439517600, 0, 655, 1537, 1458, 277, 16.40%, 19, 117, 4, 239.05, 3788814
1439517620, 0, 655, 1538, 1459, 277, 16.40%, 19, 117, 4, 244.61, 3793922
1439517646, 0, 655, 1538, 1459, 277, 16.40%, 19, 118, 4, 267.44, 3800480
1439517697, 0, 656, 1538, 1458, 276, 16.40%, 19, 118, 4, 363.49, 3814135
1439517727, 0, 656, 1539, 1459, 276, 16.43%, 19, 118, 4, 369.53, 3826063
1439517732, 0, 656, 1540, 1460, 276, 16.43%, 19, 118, 4, 350.00, 3827795
1439517758, 0, 657, 1546, 1465, 275, 16.44%, 19, 118, 4, 353.10, 3836767
1439517763, 0, 657, 1546, 1465, 275, 16.44%, 19, 119, 4, 353.31, 3838537
1439517778, 0, 657, 1547, 1466, 275, 16.44%, 19, 119, 4, 317.76, 3843513
1439517798, 0, 657, 1548, 1467, 275, 16.44%, 19, 119, 4, 331.62, 3850123
1439517813, 0, 657, 1548, 1467, 275, 16.44%, 19, 120, 4, 322.44, 3855007
1439517828, 0, 668, 1548, 1466, 274, 16.44%, 19, 121, 4, 349.19, 3860027
1439517863, 0, 674, 1548, 1465, 273, 16.44%, 19, 121, 4, 323.29, 3873593
1439517949, 0, 674, 1548, 1465, 273, 16.44%, 19, 122, 4, 266.39, 3899224
1439517970, 0, 674, 1549, 1466, 273, 16.44%, 19, 122, 4, 316.54, 3906269
1439517990, 0, 679, 1549, 1465, 272, 16.44%, 19, 122, 4, 300.49, 3913081
1439518123, 0, 679, 1550, 1466, 272, 16.44%, 19, 122, 4, 400.09, 3950288
1439518128, 0, 679, 1552, 1468, 272, 16.44%, 19, 122, 4, 405.61, 3952345
1439518164, 0, 679, 1553, 1469, 272, 16.44%, 19, 122, 4, 413.88, 3966971
1439518174, 0, 679, 1554, 1470, 272, 16.44%, 19, 122, 4, 416.02, 3971125
1439518219, 0, 679, 1554, 1470, 272, 16.44%, 19, 123, 4, 352.98, 3989365
1439518534, 0, 684, 1555, 1470, 273, 16.45%, 19, 123, 4, 320.73, 4108418
1439518539, 0, 684, 1556, 1471, 273, 16.45%, 19, 123, 4, 279.54, 4109770
1439518554, 0, 684, 1559, 1474, 273, 16.45%, 19, 123, 4, 309.99, 4114144
1439518620, 0, 684, 1583, 1497, 272, 16.81%, 19, 124, 4, 314.29, 4133946
1439518625, 0, 685, 1589, 1503, 282, 17.30%, 19, 124, 4, 222.26, 4134921
1439518641, 0, 687, 1593, 1506, 281, 17.30%, 19, 125, 4, 286.75, 4139932
1439518706, 0, 690, 1593, 1505, 281, 17.30%, 19, 125, 4, 352.09, 4159637
1439518731, 0, 690, 1594, 1506, 281, 17.30%, 19, 125, 4, 278.43, 4166496
1439518736, 0, 690, 1594, 1506, 281, 17.30%, 19, 126, 4, 296.48, 4168084
1439518843, 0, 699, 1594, 1505, 280, 17.30%, 19, 126, 4, 375.46, 4198905
1439518878, 0, 705, 1594, 1504, 279, 17.30%, 19, 126, 4, 406.86, 4213680
1439518889, 0, 705, 1596, 1506, 279, 17.30%, 19, 126, 4, 407.17, 4217964
1439518899, 0, 705, 1597, 1507, 279, 17.30%, 19, 126, 4, 393.38, 4221936
1439518904, 0, 705, 1597, 1507, 279, 17.30%, 19, 127, 4, 388.79, 4223875
1439518919, 0, 705, 1597, 1507, 279, 17.30%, 19, 128, 4, 389.81, 4229860
1439518929, 0, 705, 1597, 1507, 279, 17.30%, 19, 129, 4, 392.94, 4233920
1439518996, 0, 707, 1611, 1520, 280, 17.32%, 19, 129, 4, 401.01, 4258492
1439519011, 0, 710, 1611, 1519, 279, 17.32%, 19, 130, 4, 359.71, 4264184
1439519016, 0, 710, 1612, 1520, 279, 17.32%, 19, 130, 4, 277.60, 4265489
1439519031, 0, 710, 1614, 1522, 279, 17.32%, 19, 130, 4, 314.05, 4269799
1439519046, 0, 710, 1616, 1524, 279, 17.32%, 19, 130, 4, 329.97, 4274757
1439519066, 0, 710, 1618, 1526, 279, 17.34%, 19, 130, 4, 324.76, 4281491
1439519092, 0, 710, 1619, 1527, 279, 17.35%, 19, 130, 4, 327.85, 4289895
1439519102, 0, 710, 1621, 1529, 279, 17.35%, 19, 131, 4, 330.74, 4293305
1439519113, 0, 710, 1622, 1530, 279, 17.35%, 19, 131, 4, 329.38, 4296753
1439519118, 0, 710, 1622, 1530, 279, 17.35%, 19, 132, 4, 272.62, 4298106
1439519123, 0, 710, 1622, 1530, 279, 17.35%, 19, 133, 4, 227.41, 4299139
1439519143, 0, 710, 1622, 1530, 279, 17.35%, 19, 134, 4, 235.09, 4304135
1439519163, 0, 710, 1623, 1531, 279, 17.35%, 19, 134, 4, 279.86, 4309751
1439519168, 0, 710, 1624, 1532, 279, 17.35%, 19, 134, 4, 289.83, 4311241
1439519174, 0, 710, 1625, 1533, 279, 17.35%, 19, 135, 4, 301.41, 4312815
1439519184, 0, 710, 1626, 1534, 279, 17.35%, 19, 135, 4, 330.44, 4316215
1439519235, 0, 710, 1627, 1535, 279, 17.36%, 19, 135, 4, 285.09, 4332141
1439519240, 0, 710, 1628, 1536, 279, 17.36%, 19, 135, 4, 286.04, 4333566
1439519245, 0, 710, 1629, 1537, 279, 17.36%, 19, 135, 4, 286.91, 4334991
1439519260, 0, 710, 1630, 1538, 279, 17.36%, 19, 135, 4, 300.16, 4339451
1439519296, 0, 710, 1631, 1539, 279, 17.36%, 19, 135, 4, 305.13, 4350189
1439519361, 0, 710, 1632, 1540, 279, 17.36%, 19, 135, 4, 308.97, 4370161
1439519366, 0, 710, 1633, 1541, 279, 17.36%, 19, 135, 4, 309.56, 4371725
1439519397, 0, 710, 1634, 1542, 279, 17.36%, 19, 135, 4, 310.82, 4381059
1439519483, 0, 710, 1634, 1542, 279, 17.36%, 19, 136, 4, 310.16, 4407147
1439519498, 0, 710, 1634, 1542, 279, 17.36%, 20, 136, 4, 315.24, 4411809
1439519554, 0, 711, 1634, 1541, 283, 17.36%, 20, 136, 4, 380.28, 4429365
1439519584, 0, 712, 1634, 1540, 282, 17.36%, 20, 136, 4, 381.92, 4440450
1439519605, 0, 714, 1634, 1539, 281, 17.36%, 20, 136, 4, 336.10, 4447317
1439519620, 0, 716, 1648, 1552, 284, 17.51%, 20, 136, 4, 289.60, 4452187
1439519640, 0, 719, 1650, 1553, 284, 17.51%, 20, 136, 4, 317.32, 4459242
1439519660, 0, 719, 1651, 1554, 284, 17.51%, 20, 136, 4, 235.87, 4463125
1439519665, 0, 719, 1652, 1555, 284, 17.51%, 20, 136, 4, 264.73, 4464499
1439519686, 0, 719, 1653, 1556, 284, 17.51%, 20, 136, 4, 268.25, 4469954
1439519706, 0, 719, 1654, 1557, 284, 17.51%, 20, 136, 4, 264.93, 4475414
1439519727, 0, 719, 1655, 1558, 284, 17.51%, 20, 136, 4, 277.94, 4480754
1439519737, 0, 719, 1656, 1559, 284, 17.51%, 20, 136, 4, 257.45, 4483414
1439519752, 0, 719, 1657, 1560, 284, 17.51%, 20, 136, 4, 274.21, 4487634
1439519767, 0, 719, 1658, 1561, 284, 17.51%, 20, 136, 4, 256.32, 4491624
1439519777, 0, 719, 1659, 1562, 284, 17.51%, 20, 136, 4, 266.19, 4494329
1439519828, 0, 719, 1660, 1563, 284, 17.52%, 20, 136, 4, 264.56, 4507864
1439519863, 0, 719, 1661, 1564, 284, 17.52%, 20, 136, 4, 260.38, 4517144
1439519889, 0, 719, 1661, 1564, 284, 17.52%, 20, 137, 4, 260.12, 4523909
1439519899, 0, 719, 1662, 1565, 284, 17.52%, 20, 137, 4, 261.77, 4526554
1439519924, 0, 719, 1662, 1565, 284, 17.52%, 20, 138, 4, 271.09, 4533334
1439519945, 0, 719, 1662, 1565, 284, 17.52%, 20, 139, 4, 273.51, 4538764
1439519975, 0, 719, 1663, 1566, 284, 17.52%, 20, 139, 4, 293.34, 4547129
1439519980, 0, 719, 1663, 1566, 284, 17.52%, 21, 139, 4, 280.82, 4548534
1439519990, 0, 719, 1664, 1567, 284, 17.52%, 21, 139, 4, 273.40, 4551314
1439519996, 0, 719, 1664, 1567, 284, 17.52%, 21, 140, 4, 284.28, 4552764
1439520097, 0, 719, 1665, 1568, 284, 17.52%, 21, 140, 4, 280.89, 4580024
1439520123, 0, 719, 1666, 1569, 284, 17.52%, 21, 140, 4, 264.20, 4586994
1439520158, 0, 719, 1667, 1570, 284, 17.52%, 21, 140, 4, 288.26, 4597004
1439520199, 0, 719, 1667, 1570, 284, 17.52%, 21, 141, 4, 279.67, 4608414
1439520229, 0, 719, 1667, 1570, 284, 17.52%, 21, 142, 4, 279.76, 4617049
1439520249, 0, 723, 1668, 1570, 285, 17.52%, 21, 142, 4, 285.55, 4622698
1439520265, 0, 725, 1668, 1569, 284, 17.52%, 21, 142, 4, 371.00, 4628320
1439520275, 0, 725, 1669, 1570, 284, 17.53%, 21, 142, 4, 367.17, 4632012
1439520295, 0, 726, 1669, 1569, 284, 17.53%, 21, 142, 4, 399.19, 4639728
1439520310, 0, 726, 1669, 1569, 284, 17.53%, 21, 143, 4, 406.64, 4646056
1439520315, 0, 729, 1674, 1573, 284, 17.54%, 21, 143, 4, 321.80, 4647644
1439520376, 0, 730, 1674, 1572, 283, 17.54%, 21, 143, 4, 412.62, 4666812
1439520402, 0, 730, 1674, 1572, 283, 17.54%, 21, 144, 4, 408.87, 4678112
1439520407, 0, 736, 1674, 1571, 282, 17.54%, 21, 144, 4, 393.85, 4680134
1439520417, 0, 736, 1675, 1572, 282, 17.54%, 21, 144, 4, 399.38, 4684363
1439520442, 0, 737, 1675, 1571, 281, 17.54%, 21, 144, 4, 379.31, 4694352
1439520458, 0, 742, 1675, 1570, 280, 17.54%, 21, 144, 4, 312.08, 4699759
1439520478, 0, 742, 1675, 1570, 280, 17.54%, 21, 145, 4, 262.71, 4705208
1439520590, 0, 744, 1676, 1570, 280, 17.54%, 21, 145, 4, 440.97, 4739769
1439520620, 0, 746, 1676, 1569, 279, 17.54%, 21, 145, 4, 328.99, 4752658
1439520748, 0, 748, 1676, 1568, 278, 17.54%, 21, 145, 4, 364.14, 4790616
1439520758, 0, 748, 1676, 1568, 278, 17.54%, 21, 146, 4, 366.45, 4794321
1439520773, 0, 748, 1678, 1570, 278, 17.78%, 21, 146, 4, 346.37, 4799957
1439520778, 0, 748, 1678, 1570, 278, 17.78%, 21, 147, 4, 344.77, 4801697
1439520783, 0, 748, 1681, 1573, 278, 17.92%, 21, 148, 4, 325.18, 4803347
1439520789, 0, 748, 1683, 1575, 278, 17.96%, 21, 149, 4, 327.19, 4805077
1439520794, 0, 748, 1684, 1576, 278, 17.96%, 21, 149, 4, 354.58, 4806904
1439520799, 0, 748, 1685, 1577, 278, 17.96%, 21, 150, 4, 361.29, 4808706
1439520804, 0, 748, 1686, 1578, 278, 17.97%, 21, 150, 4, 348.08, 4810483
1439520809, 0, 748, 1687, 1579, 278, 17.99%, 21, 150, 4, 355.02, 4812275
1439520814, 0, 748, 1690, 1582, 278, 18.04%, 21, 151, 4, 363.74, 4814118
1439520819, 0, 748, 1691, 1583, 278, 18.04%, 21, 151, 4, 351.94, 4815892
1439520824, 0, 748, 1691, 1583, 278, 18.04%, 21, 152, 4, 374.48, 4817824
1439520839, 0, 748, 1692, 1584, 278, 18.04%, 21, 152, 4, 356.79, 4823427
1439520844, 0, 748, 1693, 1585, 278, 18.04%, 21, 152, 4, 358.54, 4825264
1439520855, 0, 748, 1694, 1586, 278, 18.04%, 21, 152, 4, 360.03, 4828991
1439520865, 0, 748, 1695, 1587, 278, 18.05%, 21, 152, 4, 362.63, 4832757
1439520870, 0, 748, 1695, 1587, 278, 18.05%, 21, 153, 4, 363.53, 4834538
1439520880, 0, 748, 1695, 1587, 278, 18.05%, 21, 154, 4, 374.69, 4838325
1439520890, 0, 748, 1695, 1587, 278, 18.05%, 21, 155, 4, 358.60, 4841965
1439520895, 0, 748, 1695, 1587, 278, 18.05%, 21, 156, 4, 363.35, 4843799
1439520900, 0, 748, 1695, 1587, 278, 18.05%, 21, 157, 4, 350.08, 4845529
1439520905, 0, 748, 1696, 1588, 278, 18.12%, 21, 157, 4, 364.34, 4847456
1439520910, 0, 748, 1697, 1589, 278, 18.12%, 21, 157, 4, 345.19, 4849131
1439520915, 0, 748, 1698, 1590, 278, 18.12%, 21, 157, 4, 353.24, 4850976
1439520921, 0, 748, 1698, 1590, 278, 18.12%, 21, 158, 4, 340.67, 4852711
1439520926, 0, 748, 1700, 1592, 278, 18.32%, 21, 159, 4, 341.25, 4854477
1439520936, 0, 748, 1700, 1592, 278, 18.32%, 21, 161, 4, 359.89, 4858199
1439520941, 0, 748, 1701, 1593, 278, 18.32%, 21, 161, 4, 344.35, 4860022
1439520951, 0, 748, 1701, 1593, 278, 18.32%, 21, 162, 4, 344.40, 4863547
1439520956, 0, 748, 1703, 1595, 278, 18.34%, 21, 162, 4, 350.53, 4865325
1439520961, 0, 748, 1703, 1595, 278, 18.34%, 21, 163, 4, 344.30, 4867077
1439520966, 0, 748, 1704, 1596, 278, 18.34%, 21, 164, 4, 339.92, 4868807
1439520976, 0, 748, 1704, 1596, 278, 18.34%, 21, 165, 4, 362.01, 4872413
1439520987, 0, 748, 1705, 1597, 278, 18.34%, 21, 165, 4, 344.83, 4875897
1439520997, 0, 748, 1706, 1598, 278, 18.34%, 21, 166, 4, 348.99, 4879393
1439521002, 0, 748, 1706, 1598, 278, 18.34%, 21, 167, 4, 348.23, 4881169
1439521007, 0, 748, 1707, 1599, 278, 18.34%, 21, 167, 4, 362.01, 4883006
1439521037, 0, 748, 1707, 1599, 278, 18.34%, 21, 168, 4, 319.14, 4893041
1439521058, 0, 748, 1707, 1599, 278, 18.34%, 21, 170, 4, 332.30, 4899467
1439521068, 0, 748, 1708, 1600, 278, 18.34%, 21, 170, 4, 308.22, 4902759
1439521073, 0, 748, 1709, 1601, 278, 18.34%, 21, 171, 4, 301.02, 4904274
1439521078, 0, 748, 1710, 1602, 278, 18.35%, 21, 172, 4, 323.78, 4905923
1439521083, 0, 748, 1711, 1603, 278, 18.35%, 21, 173, 4, 340.48, 4907697
1439521088, 0, 748, 1711, 1603, 278, 18.35%, 21, 174, 4, 336.06, 4909377
1439521094, 0, 748, 1712, 1604, 278, 18.35%, 21, 174, 4, 344.90, 4911163
1439521109, 0, 748, 1714, 1606, 278, 18.35%, 21, 174, 4, 346.06, 4916547
1439521119, 0, 748, 1714, 1606, 278, 18.35%, 21, 175, 4, 359.82, 4920274
1439521134, 0, 748, 1715, 1607, 278, 18.36%, 21, 175, 4, 363.90, 4925779
1439521139, 0, 748, 1715, 1607, 278, 18.36%, 21, 176, 4, 365.97, 4927620
1439521149, 0, 748, 1716, 1608, 278, 18.37%, 21, 177, 4, 364.52, 4931319
1439521165, 0, 748, 1717, 1609, 278, 18.37%, 21, 177, 4, 364.26, 4936908
1439521205, 0, 748, 1719, 1611, 278, 18.54%, 21, 177, 4, 68.63, 4951718
1439521220, 0, 748, 1720, 1612, 278, 18.55%, 21, 177, 4, 351.43, 4957175
1439521230, 0, 755, 1720, 1611, 298, 18.55%, 21, 178, 4, 352.17, 4960715
1439521245, 0, 767, 1720, 1610, 297, 18.55%, 21, 179, 4, 299.50, 4965704
1439521266, 0, 767, 1723, 1612, 296, 18.62%, 21, 179, 4, 332.23, 4972529
1439521271, 0, 774, 1724, 1613, 297, 18.62%, 21, 179, 4, 278.75, 4973842
1439521281, 0, 774, 1724, 1613, 297, 18.62%, 21, 180, 4, 266.16, 4976485
1439521363, 0, 774, 1724, 1613, 297, 18.62%, 21, 181, 4, 258.17, 4998024
1439521409, 0, 774, 1725, 1614, 297, 18.62%, 21, 181, 4, 363.52, 5012312
1439521424, 0, 774, 1727, 1616, 297, 18.62%, 21, 181, 4, 354.04, 5017736
1439521429, 0, 774, 1727, 1616, 297, 18.62%, 21, 182, 4, 366.81, 5019598
1439521434, 0, 774, 1728, 1617, 297, 18.62%, 21, 182, 4, 366.94, 5021449
1439521617, 0, 795, 1728, 1616, 298, 18.62%, 21, 182, 4, 311.22, 5087420
1439521632, 0, 795, 1729, 1617, 298, 18.62%, 21, 182, 4, 245.74, 5091115
1439521637, 0, 795, 1730, 1618, 298, 18.62%, 21, 182, 4, 238.26, 5092305
1439521647, 0, 795, 1730, 1618, 298, 18.62%, 21, 183, 4, 241.30, 5094745
1439521693, 0, 795, 1732, 1620, 298, 18.62%, 21, 183, 4, 283.32, 5106163
1439521698, 0, 795, 1733, 1621, 298, 18.62%, 21, 184, 4, 286.02, 5107653
1439521703, 0, 795, 1734, 1622, 298, 18.62%, 21, 184, 4, 297.72, 5109158
1439521709, 0, 795, 1735, 1623, 298, 18.62%, 22, 184, 4, 295.12, 5110698
1439521729, 0, 795, 1735, 1623, 298, 18.62%, 22, 185, 4, 291.62, 5116738
1439521749, 0, 795, 1737, 1625, 298, 18.62%, 22, 185, 4, 289.67, 5122712
1439521754, 0, 795, 1738, 1626, 298, 18.62%, 22, 185, 4, 296.94, 5124198
1439521759, 0, 795, 1740, 1628, 298, 18.62%, 23, 185, 4, 288.94, 5125658
1439521774, 0, 795, 1740, 1628, 298, 18.62%, 24, 186, 4, 284.65, 5129828
1439521779, 0, 795, 1741, 1629, 298, 18.62%, 24, 186, 4, 294.17, 5131313
1439521785, 0, 795, 1742, 1630, 298, 18.62%, 24, 186, 4, 296.12, 5132868
1439521805, 0, 795, 1743, 1631, 298, 18.62%, 24, 186, 4, 293.96, 5138993
1439521836, 0, 795, 1743, 1631, 298, 18.62%, 24, 187, 4, 224.69, 5147657
1439521841, 0, 795, 1744, 1632, 298, 18.62%, 24, 187, 4, 203.07, 5148619
1439521851, 0, 795, 1744, 1632, 298, 18.62%, 24, 188, 4, 165.78, 5150515
1439521882, 0, 795, 1745, 1633, 298, 18.62%, 24, 188, 4, 304.04, 5159387
1439521887, 0, 795, 1746, 1634, 298, 18.62%, 24, 188, 4, 295.51, 5160873
1439521963, 0, 795, 1747, 1635, 298, 18.62%, 24, 188, 4, 296.10, 5183378
1439521973, 0, 795, 1748, 1636, 298, 18.62%, 24, 189, 4, 292.12, 5186393
1439521999, 0, 795, 1749, 1637, 298, 18.62%, 24, 189, 4, 292.22, 5193888
1439522095, 0, 795, 1750, 1638, 298, 18.62%, 24, 189, 4, 301.50, 5221489
1439522121, 0, 795, 1751, 1639, 298, 18.62%, 24, 189, 4, 291.42, 5228948
1439522126, 0, 795, 1751, 1639, 298, 18.62%, 24, 190, 4, 299.18, 5230457
1439522233, 0, 795, 1751, 1639, 298, 18.62%, 24, 191, 4, 284.99, 5262328
1439522243, 0, 800, 1751, 1638, 301, 18.62%, 24, 199, 4, 253.57, 5265104
1439522284, 0, 800, 1751, 1638, 301, 18.62%, 24, 200, 4, 43.32, 5274850
1439522289, 0, 800, 1752, 1639, 301, 18.62%, 24, 201, 4, 246.57, 5276038
1439522294, 0, 800, 1753, 1640, 301, 18.62%, 24, 202, 4, 226.84, 5276892
1439522299, 0, 800, 1754, 1641, 301, 18.62%, 24, 203, 4, 232.56, 5278106
1439522304, 0, 800, 1757, 1644, 301, 18.62%, 24, 204, 4, 223.73, 5279256
1439522310, 0, 800, 1758, 1645, 301, 18.62%, 24, 206, 4, 216.82, 5280386
1439522315, 0, 800, 1759, 1646, 301, 18.62%, 24, 206, 4, 231.29, 5281532
1439522325, 0, 800, 1760, 1647, 301, 18.62%, 24, 207, 4, 217.80, 5283762
1439522335, 0, 800, 1761, 1648, 301, 18.62%, 24, 208, 4, 200.19, 5285924
1439522340, 0, 800, 1762, 1649, 301, 18.62%, 24, 208, 4, 214.94, 5287050
1439522350, 0, 800, 1764, 1651, 301, 18.62%, 24, 209, 4, 214.65, 5289274
1439522356, 0, 800, 1765, 1652, 301, 18.62%, 24, 210, 4, 223.20, 5290440
1439522386, 0, 800, 1765, 1652, 301, 18.62%, 24, 211, 4, 221.31, 5297496
1439522396, 0, 800, 1767, 1654, 301, 18.62%, 24, 211, 4, 212.26, 5299688
1439522401, 0, 800, 1767, 1654, 301, 18.62%, 24, 212, 4, 212.50, 5300800
1439522412, 0, 800, 1768, 1655, 301, 18.62%, 24, 212, 4, 229.25, 5303090
1439522417, 0, 800, 1769, 1656, 301, 18.62%, 24, 212, 4, 233.97, 5304268
1439522422, 0, 800, 1770, 1657, 301, 18.63%, 24, 212, 4, 222.92, 5305386
1439522432, 0, 800, 1771, 1658, 301, 18.63%, 24, 212, 4, 217.16, 5307636
1439522447, 0, 800, 1771, 1658, 301, 18.63%, 24, 213, 4, 230.37, 5310996
1439522457, 0, 800, 1772, 1659, 301, 18.63%, 24, 213, 4, 230.12, 5313286
1439522468, 0, 800, 1773, 1660, 301, 18.63%, 24, 214, 4, 231.45, 5315596
1439522473, 0, 800, 1773, 1660, 301, 18.63%, 24, 215, 4, 245.40, 5316824
1439522478, 0, 800, 1773, 1660, 301, 18.63%, 24, 216, 4, 236.47, 5318004
1439522498, 0, 800, 1774, 1661, 301, 18.63%, 24, 216, 4, 244.30, 5322566
1439522524, 0, 800, 1774, 1661, 301, 18.63%, 24, 217, 4, 220.88, 5328230
1439522539, 0, 800, 1775, 1662, 301, 18.63%, 24, 217, 4, 224.93, 5331620
1439522554, 0, 800, 1776, 1663, 301, 18.63%, 24, 217, 4, 226.95, 5335010
1439522570, 0, 800, 1776, 1663, 301, 18.63%, 24, 218, 4, 207.27, 5338306
1439522575, 0, 800, 1777, 1664, 301, 18.63%, 24, 218, 4, 226.64, 5339448
1439522600, 0, 800, 1777, 1664, 301, 18.63%, 24, 219, 4, 226.67, 5345184
1439522615, 0, 800, 1777, 1664, 301, 18.63%, 24, 220, 4, 227.23, 5348600
1439522631, 0, 800, 1778, 1665, 301, 18.63%, 24, 220, 4, 219.65, 5351882
1439522671, 0, 800, 1778, 1665, 301, 18.63%, 24, 221, 4, 217.15, 5360502
1439522722, 0, 800, 1779, 1666, 301, 18.63%, 24, 221, 4, 227.47, 5371984
1439522727, 0, 800, 1779, 1666, 301, 18.63%, 24, 222, 4, 220.52, 5373132
1439522732, 0, 800, 1780, 1667, 301, 18.63%, 24, 222, 4, 228.42, 5374274
1439522737, 0, 800, 1781, 1668, 301, 18.63%, 24, 222, 4, 225.21, 5375448
1439522753, 0, 800, 1781, 1668, 301, 18.63%, 24, 223, 4, 212.32, 5378880
1439522758, 0, 800, 1782, 1669, 301, 18.63%, 24, 223, 4, 217.25, 5380002
1439522768, 0, 800, 1782, 1669, 301, 18.63%, 24, 224, 4, 233.13, 5382358
1439522773, 0, 800, 1783, 1670, 301, 18.64%, 24, 224, 4, 215.80, 5383460
1439522778, 0, 800, 1784, 1671, 301, 18.64%, 24, 224, 4, 227.63, 5384614
1439522804, 0, 800, 1785, 1672, 301, 18.64%, 24, 224, 4, 233.69, 5390508
1439522850, 0, 800, 1786, 1673, 301, 18.64%, 24, 225, 4, 227.45, 5400622
1439522855, 0, 800, 1787, 1674, 301, 18.64%, 24, 225, 4, 227.18, 5401748
1439522870, 0, 800, 1788, 1675, 301, 18.64%, 24, 225, 4, 226.59, 5405146
1439522875, 0, 800, 1789, 1676, 301, 18.64%, 24, 225, 4, 230.60, 5406340
1439522881, 0, 800, 1790, 1677, 301, 18.64%, 24, 225, 4, 226.67, 5407514
1439522896, 0, 800, 1791, 1678, 301, 18.64%, 24, 225, 4, 237.44, 5411132
1439522977, 0, 800, 1791, 1678, 301, 18.64%, 24, 226, 4, 220.58, 5429524
1439522988, 0, 800, 1792, 1679, 301, 18.64%, 24, 227, 4, 224.95, 5431794
1439522998, 0, 800, 1793, 1680, 301, 18.64%, 24, 227, 4, 233.75, 5434188
1439523013, 0, 823, 1793, 1679, 306, 18.64%, 24, 227, 4, 248.63, 5437773
1439523094, 0, 831, 1793, 1678, 305, 18.64%, 24, 227, 4, 304.82, 5459170
1439523099, 0, 831, 1793, 1678, 305, 18.64%, 24, 228, 4, 414.98, 5460591
1439523135, 0, 833, 1793, 1677, 304, 18.64%, 24, 228, 4, 306.61, 5468689
1439523171, 0, 833, 1793, 1677, 304, 18.64%, 24, 229, 4, 414.00, 5478728
1439523176, 0, 833, 1794, 1678, 304, 18.64%, 24, 229, 4, 371.66, 5480223
1439523181, 0, 833, 1795, 1679, 304, 18.64%, 24, 229, 4, 278.44, 5481524
1439523216, 0, 833, 1803, 1686, 303, 18.73%, 24, 231, 4, 156.06, 5490598
1439523221, 0, 836, 1812, 1695, 304, 18.99%, 25, 231, 4, 234.53, 5491703
1439523237, 0, 837, 1812, 1694, 303, 18.99%, 25, 232, 4, 312.30, 5497197
1439523247, 0, 837, 1812, 1694, 303, 18.99%, 25, 233, 4, 282.58, 5499942
1439523303, 0, 838, 1812, 1693, 302, 18.99%, 25, 233, 4, 306.02, 5517416
1439523369, 0, 839, 1812, 1692, 301, 18.99%, 25, 233, 4, 299.46, 5537591
1439523395, 0, 839, 1812, 1692, 301, 18.99%, 25, 234, 4, 275.72, 5544738
1439523441, 0, 840, 1812, 1691, 300, 18.99%, 25, 234, 4, 424.44, 5560126
1439523456, 0, 840, 1813, 1692, 300, 18.99%, 25, 234, 4, 439.88, 5566771
1439523482, 0, 841, 1814, 1692, 299, 18.99%, 25, 234, 4, 413.73, 5577550
1439523487, 0, 841, 1816, 1694, 299, 18.99%, 25, 234, 4, 449.22, 5579913
1439523527, 0, 848, 1816, 1693, 299, 18.99%, 25, 234, 4, 400.81, 5597368
1439523578, 0, 857, 1816, 1692, 298, 18.99%, 25, 234, 4, 317.41, 5612117
1439523619, 0, 858, 1816, 1691, 297, 18.99%, 25, 234, 4, 320.60, 5624887
1439523624, 0, 858, 1817, 1692, 297, 18.99%, 25, 234, 4, 322.06, 5626559
1439523649, 0, 861, 1817, 1691, 296, 18.99%, 25, 234, 4, 273.10, 5634443
1439523711, 0, 863, 1823, 1696, 296, 18.99%, 25, 234, 4, 248.17, 5649021
1439523716, 0, 863, 1827, 1700, 296, 18.99%, 25, 234, 4, 244.05, 5650225
1439523721, 0, 863, 1830, 1703, 296, 18.99%, 25, 234, 4, 240.84, 5651463
1439523731, 0, 863, 1830, 1703, 296, 18.99%, 25, 235, 4, 230.02, 5653771
1439523741, 0, 863, 1830, 1703, 296, 18.99%, 25, 236, 4, 243.86, 5656277
1439523766, 0, 863, 1832, 1705, 296, 19.00%, 25, 236, 4, 302.34, 5662991
1439523771, 0, 863, 1833, 1706, 296, 19.00%, 25, 236, 4, 311.60, 5664566
1439523782, 0, 863, 1834, 1707, 296, 19.00%, 25, 237, 4, 303.22, 5667624
1439523787, 0, 863, 1834, 1707, 296, 19.00%, 25, 238, 4, 306.34, 5669178
1439523797, 0, 863, 1835, 1708, 296, 19.00%, 25, 238, 4, 316.48, 5672326
1439523822, 0, 863, 1836, 1709, 296, 19.00%, 25, 238, 4, 317.26, 5680244
1439523827, 0, 863, 1838, 1711, 296, 19.00%, 25, 238, 4, 321.14, 5681866
1439523837, 0, 863, 1839, 1712, 296, 19.00%, 25, 238, 4, 317.76, 5685062
1439523867, 0, 863, 1839, 1712, 296, 19.00%, 26, 238, 4, 309.57, 5694554
1439523877, 0, 863, 1839, 1712, 296, 19.00%, 27, 238, 4, 320.42, 5697782
1439523913, 0, 863, 1840, 1713, 296, 19.00%, 27, 238, 4, 308.17, 5708934
1439523923, 0, 863, 1841, 1714, 296, 19.00%, 27, 238, 4, 316.05, 5712094
1439523933, 0, 863, 1841, 1714, 296, 19.00%, 27, 239, 4, 305.85, 5715208
1439523994, 0, 863, 1842, 1715, 296, 19.00%, 27, 239, 4, 310.38, 5734172
1439523999, 0, 863, 1843, 1716, 296, 19.00%, 27, 239, 4, 320.37, 5735850
1439524059, 0, 863, 1844, 1717, 296, 19.00%, 27, 239, 4, 313.48, 5754682
1439524110, 0, 863, 1844, 1717, 296, 19.00%, 27, 240, 4, 302.82, 5770546
1439524155, 0, 863, 1845, 1718, 296, 19.00%, 27, 240, 4, 320.71, 5784788
1439524176, 0, 863, 1845, 1718, 296, 19.00%, 28, 240, 4, 324.69, 5791184
1439524191, 0, 863, 1847, 1720, 296, 19.00%, 28, 240, 4, 315.29, 5795938
1439524241, 0, 863, 1849, 1722, 296, 19.00%, 28, 240, 4, 310.01, 5811912
1439524272, 0, 869, 1849, 1721, 297, 19.00%, 28, 240, 4, 254.55, 5821161
1439524287, 0, 869, 1849, 1721, 297, 19.00%, 28, 241, 4, 74.04, 5822586
1439524318, 0, 871, 1849, 1720, 296, 19.00%, 28, 241, 4, 402.19, 5827691
1439524328, 0, 871, 1850, 1721, 296, 19.00%, 28, 241, 4, 400.90, 5831702
1439524354, 0, 871, 1851, 1722, 296, 19.00%, 28, 241, 4, 385.89, 5841984
1439524379, 0, 879, 1853, 1723, 296, 19.00%, 28, 241, 4, 254.03, 5850259
1439524384, 0, 879, 1854, 1724, 296, 19.00%, 28, 242, 4, 240.31, 5851468
1439524399, 0, 879, 1860, 1730, 296, 19.00%, 28, 242, 4, 252.07, 5855199
1439524404, 0, 879, 1861, 1731, 296, 19.00%, 28, 242, 4, 255.75, 5856444
1439524460, 0, 881, 1861, 1730, 297, 19.00%, 28, 242, 4, 274.23, 5873582
1439524465, 0, 881, 1862, 1731, 297, 19.00%, 28, 242, 4, 50.00, 5874802
1439524475, 0, 881, 1862, 1731, 297, 19.00%, 28, 243, 4, 221.36, 5877165
1439524536, 0, 883, 1862, 1730, 296, 19.00%, 28, 243, 4, 324.47, 5893479
1439524613, 0, 883, 1863, 1731, 296, 19.00%, 28, 243, 4, 326.56, 5912829
1439524633, 0, 883, 1886, 1753, 295, 19.01%, 28, 243, 4, 289.81, 5919055
1439524638, 0, 884, 1888, 1755, 299, 19.01%, 28, 243, 4, 253.01, 5920308
1439524704, 0, 884, 1888, 1755, 299, 19.01%, 28, 244, 4, 286.27, 5937705
1439524719, 0, 886, 1888, 1754, 298, 19.01%, 28, 245, 4, 278.77, 5942030
1439524724, 0, 886, 1889, 1755, 298, 19.01%, 28, 247, 4, 219.80, 5943076
1439524749, 0, 886, 1890, 1756, 298, 19.01%, 28, 247, 4, 257.03, 5949136
1439524785, 0, 886, 1890, 1756, 298, 19.01%, 28, 248, 4, 306.48, 5959254
1439524810, 0, 889, 1890, 1755, 297, 19.01%, 28, 248, 4, 296.77, 5966981
1439524815, 0, 889, 1890, 1755, 297, 19.01%, 28, 249, 4, 267.36, 5968302
1439524876, 0, 889, 1890, 1755, 297, 19.01%, 28, 250, 4, 286.18, 5985006
1439524892, 0, 889, 1891, 1756, 297, 19.01%, 28, 250, 4, 345.08, 5990269
1439524907, 0, 892, 1891, 1755, 296, 19.01%, 28, 250, 4, 325.50, 5995417
1439524912, 0, 892, 1891, 1755, 296, 19.01%, 28, 251, 4, 266.74, 5996682
1439524927, 0, 892, 1891, 1755, 296, 19.01%, 28, 252, 4, 241.52, 6000327
1439524968, 0, 892, 1892, 1756, 296, 19.01%, 28, 252, 4, 257.47, 6010626
1439525009, 0, 894, 1892, 1755, 295, 19.01%, 28, 252, 4, 331.31, 6022208
1439525019, 0, 894, 1893, 1756, 295, 19.01%, 28, 252, 4, 281.93, 6025001
1439525024, 0, 894, 1893, 1756, 295, 19.01%, 28, 253, 4, 292.45, 6026441
1439525034, 0, 894, 1894, 1757, 295, 19.01%, 28, 253, 4, 273.55, 6029396
1439525059, 0, 894, 1895, 1758, 295, 19.01%, 28, 253, 4, 316.31, 6037075
1439525064, 0, 894, 1895, 1758, 295, 19.01%, 28, 254, 4, 308.37, 6038609
1439525095, 0, 894, 1895, 1757, 294, 19.01%, 28, 254, 4, 66.17, 6047674
1439525100, 0, 896, 1900, 1762, 295, 19.11%, 28, 254, 4, 171.76, 6048515
1439525171, 0, 899, 1900, 1761, 294, 19.11%, 28, 254, 4, 283.55, 6068399
1439525181, 0, 899, 1900, 1761, 294, 19.11%, 28, 255, 4, 243.07, 6070925
1439525227, 0, 901, 1900, 1760, 293, 19.11%, 28, 255, 4, 359.72, 6084913
1439525233, 0, 901, 1900, 1760, 293, 19.11%, 28, 256, 4, 397.02, 6086945
1439525243, 0, 901, 1901, 1761, 293, 19.11%, 28, 256, 4, 363.37, 6090822
1439525283, 0, 902, 1901, 1760, 293, 19.11%, 28, 256, 4, 472.14, 6106158
1439525324, 0, 902, 1901, 1760, 293, 19.11%, 28, 257, 4, 432.44, 6123796
1439525329, 0, 903, 1901, 1759, 292, 19.11%, 28, 257, 4, 453.35, 6126062
1439525390, 0, 904, 1910, 1767, 291, 19.12%, 28, 257, 4, 421.38, 6154669
1439525441, 0, 905, 1910, 1766, 290, 19.12%, 28, 257, 4, 453.19, 6175503
1439525486, 0, 906, 1910, 1765, 289, 19.12%, 28, 257, 4, 461.53, 6196038
1439525532, 0, 908, 1910, 1764, 288, 19.12%, 28, 257, 4, 446.55, 6215894
1439525587, 0, 913, 1911, 1764, 287, 19.12%, 28, 257, 4, 449.51, 6241212
1439525593, 0, 913, 1912, 1765, 287, 19.12%, 28, 257, 4, 475.25, 6243692
1439525608, 0, 913, 1912, 1765, 287, 19.12%, 28, 258, 4, 408.82, 6250232
1439525613, 0, 913, 1913, 1766, 287, 19.12%, 28, 258, 4, 407.19, 6252258
1439525618, 0, 913, 1914, 1767, 287, 19.12%, 28, 259, 4, 408.93, 6254340
1439525623, 0, 913, 1915, 1768, 287, 19.13%, 28, 259, 4, 402.19, 6256206
1439525628, 0, 913, 1916, 1769, 287, 19.13%, 28, 259, 4, 394.10, 6258213
1439525643, 0, 913, 1916, 1769, 287, 19.13%, 28, 260, 4, 392.77, 6264373
1439525648, 0, 913, 1916, 1769, 287, 19.13%, 28, 261, 4, 389.82, 6266368
1439525653, 0, 913, 1917, 1770, 287, 19.13%, 28, 262, 4, 390.55, 6268352
1439525658, 0, 913, 1917, 1770, 287, 19.13%, 28, 263, 4, 398.72, 6270452
1439525669, 0, 913, 1918, 1771, 287, 19.13%, 28, 263, 4, 403.85, 6274604
1439525689, 0, 913, 1919, 1772, 287, 19.13%, 28, 263, 4, 404.33, 6282798
1439525745, 0, 913, 1919, 1772, 287, 19.13%, 28, 264, 4, 408.70, 6305174
1439525755, 0, 913, 1919, 1772, 287, 19.13%, 28, 265, 4, 408.26, 6309222
1439525796, 0, 913, 1919, 1772, 287, 19.13%, 28, 266, 4, 397.30, 6325520
1439525826, 0, 913, 1920, 1773, 287, 19.13%, 28, 266, 4, 403.18, 6337712
1439525836, 0, 913, 1920, 1773, 287, 19.13%, 29, 266, 4, 405.12, 6341768
1439525846, 0, 913, 1920, 1773, 287, 19.13%, 29, 267, 4, 415.73, 6345888
1439525851, 0, 913, 1920, 1773, 287, 19.13%, 29, 268, 4, 413.88, 6348032
1439525857, 0, 913, 1921, 1774, 287, 19.13%, 29, 268, 4, 408.11, 6350082
1439525897, 0, 913, 1923, 1775, 286, 19.13%, 29, 269, 4, 407.26, 6366799
1439525902, 0, 914, 1924, 1776, 288, 19.13%, 29, 269, 4, 474.48, 6369221
1439525933, 0, 915, 1924, 1775, 287, 19.13%, 29, 269, 4, 445.39, 6382557
1439525963, 0, 915, 1924, 1775, 287, 19.13%, 29, 270, 4, 410.04, 6395910
1439525968, 0, 916, 1928, 1778, 286, 19.14%, 29, 272, 4, 348.79, 6397720
1439525973, 0, 916, 1934, 1784, 286, 19.14%, 29, 272, 4, 308.21, 6399207
1439525978, 0, 916, 1937, 1787, 286, 19.15%, 29, 272, 4, 291.15, 6400678
1439525988, 0, 916, 1938, 1788, 286, 19.15%, 29, 272, 4, 293.81, 6403754
1439526009, 0, 916, 1938, 1788, 286, 19.15%, 29, 275, 4, 293.97, 6410021
1439526014, 0, 916, 1938, 1788, 286, 19.15%, 29, 276, 4, 311.57, 6411615
1439526019, 0, 916, 1939, 1789, 286, 19.15%, 29, 276, 4, 295.27, 6413105
1439526029, 0, 916, 1943, 1793, 286, 19.15%, 29, 281, 4, 306.85, 6416227
1439526034, 0, 916, 1944, 1794, 286, 19.15%, 29, 281, 4, 304.75, 6417737
1439526040, 0, 916, 1947, 1797, 286, 19.15%, 29, 282, 4, 310.69, 6419303
1439526045, 0, 916, 1949, 1799, 286, 19.15%, 29, 283, 4, 322.39, 6420943
1439526050, 0, 916, 1949, 1799, 286, 19.15%, 29, 284, 4, 320.08, 6422551
1439526060, 0, 916, 1949, 1799, 286, 19.15%, 29, 285, 4, 282.64, 6425482
1439526065, 0, 916, 1951, 1801, 286, 19.15%, 29, 285, 4, 272.19, 6426892
1439526116, 0, 916, 1952, 1802, 286, 19.29%, 29, 285, 4, 291.84, 6441792
1439526182, 0, 916, 1952, 1802, 286, 19.29%, 29, 286, 4, 268.24, 6460502
1439526212, 0, 916, 1952, 1802, 286, 19.29%, 29, 287, 4, 268.75, 6468407
1439526258, 0, 916, 1953, 1803, 286, 19.29%, 29, 287, 4, 262.56, 6480357
1439526278, 0, 916, 1954, 1804, 286, 19.30%, 29, 287, 4, 279.18, 6485902
1439526283, 0, 916, 1955, 1805, 286, 19.30%, 29, 287, 4, 279.79, 6487392
1439526298, 0, 916, 1955, 1805, 286, 19.30%, 29, 288, 4, 272.84, 6491577
1439526324, 0, 916, 1956, 1806, 286, 19.30%, 29, 288, 4, 273.87, 6498447
1439526359, 0, 916, 1956, 1806, 286, 19.30%, 29, 289, 4, 272.84, 6508222
1439526395, 0, 916, 1956, 1806, 286, 19.30%, 29, 290, 4, 275.59, 6517587
1439526421, 0, 916, 1956, 1806, 286, 19.30%, 29, 291, 4, 267.87, 6524452
1439526436, 0, 916, 1957, 1807, 286, 19.30%, 29, 291, 4, 266.05, 6528532
1439526532, 0, 916, 1958, 1808, 286, 19.30%, 29, 291, 4, 280.33, 6555257
1439526547, 0, 916, 1959, 1809, 286, 19.30%, 29, 291, 4, 275.26, 6559397
1439526557, 0, 916, 1960, 1810, 286, 19.32%, 29, 291, 4, 265.91, 6562197
1439526573, 0, 916, 1961, 1811, 286, 19.32%, 29, 291, 4, 279.22, 6566427
1439526608, 0, 917, 1961, 1810, 293, 19.32%, 29, 291, 4, 356.67, 6576607
1439526639, 0, 919, 1961, 1809, 292, 19.32%, 29, 291, 4, 367.89, 6588379
1439526674, 0, 919, 1961, 1809, 292, 19.32%, 30, 291, 4, 353.77, 6601531
1439526685, 0, 921, 1965, 1812, 292, 19.64%, 30, 291, 4, 342.97, 6604854
1439526726, 0, 923, 1970, 1816, 291, 19.64%, 30, 293, 4, 51.35, 6620016
1439526731, 0, 923, 1972, 1818, 291, 19.64%, 30, 294, 4, 4.83, 6620262
1439526736, 0, 923, 1975, 1821, 291, 19.98%, 30, 295, 4, 128.94, 6620544
1439526741, 0, 923, 1975, 1821, 291, 19.98%, 30, 298, 4, 29.53, 6620782
1439526746, 0, 923, 1975, 1821, 291, 19.98%, 30, 299, 4, 51.68, 6621250
1439526752, 0, 923, 1983, 1829, 291, 20.05%, 30, 299, 4, 53.28, 6621453
1439526757, 0, 923, 1983, 1829, 291, 20.27%, 30, 301, 4, 46.91, 6621673
1439526762, 0, 923, 1983, 1829, 291, 20.27%, 30, 302, 4, 49.35, 6622023
1439526782, 0, 923, 1987, 1833, 291, 20.43%, 30, 302, 4, 54.93, 6623200
1439526787, 0, 923, 1987, 1833, 291, 20.69%, 30, 303, 4, 49.85, 6623588
1439526803, 0, 923, 1988, 1834, 291, 20.69%, 30, 303, 4, 98.12, 6624558
1439526808, 0, 923, 1992, 1838, 291, 20.71%, 30, 305, 4, 112.85, 6624895
1439526818, 0, 923, 1992, 1838, 291, 20.71%, 30, 308, 4, 83.78, 6625648
1439526833, 0, 923, 1993, 1839, 291, 20.82%, 30, 309, 4, 145.96, 6626668
1439526844, 0, 928, 1995, 1840, 295, 20.82%, 30, 310, 4, 230.30, 6628536
1439526849, 0, 928, 1996, 1841, 295, 20.82%, 30, 310, 4, 281.30, 6629928
1439526854, 0, 928, 1997, 1842, 295, 20.82%, 30, 310, 4, 377.75, 6631934
1439526889, 0, 933, 1997, 1841, 296, 20.82%, 30, 310, 4, 361.46, 6644011
1439526951, 0, 935, 1997, 1840, 295, 20.82%, 30, 310, 4, 396.27, 6669404
1439526991, 0, 935, 1997, 1839, 294, 20.82%, 30, 310, 4, 367.08, 6685460
1439526997, 0, 936, 1997, 1839, 294, 20.82%, 30, 310, 4, 316.27, 6687373
1439527032, 0, 936, 1998, 1840, 294, 20.82%, 30, 310, 4, 366.59, 6701523
1439527068, 0, 937, 1998, 1839, 293, 20.82%, 30, 310, 4, 321.07, 6714293
1439527134, 0, 937, 1998, 1839, 293, 20.82%, 30, 311, 4, 288.65, 6730205
1439527139, 0, 937, 1998, 1839, 293, 20.82%, 30, 312, 4, 242.19, 6731446
1439527154, 0, 937, 1999, 1840, 293, 20.82%, 30, 312, 4, 310.85, 6735575
1439527164, 0, 937, 2000, 1841, 293, 20.82%, 30, 312, 4, 316.88, 6738753
1439527210, 0, 950, 2001, 1841, 293, 20.82%, 30, 312, 4, 312.37, 6753471
1439527245, 0, 950, 2002, 1842, 293, 20.82%, 30, 312, 4, 208.35, 6760935
1439527250, 0, 950, 2002, 1842, 293, 20.82%, 30, 313, 4, 169.53, 6761885
1439527271, 0, 950, 2003, 1843, 293, 20.82%, 30, 313, 4, 208.32, 6764933
1439527336, 0, 950, 2004, 1844, 293, 20.82%, 30, 313, 4, 321.26, 6781346
1439527347, 0, 950, 2005, 1845, 293, 20.83%, 30, 313, 4, 326.26, 6784650
1439527357, 0, 950, 2007, 1847, 293, 20.83%, 30, 313, 4, 318.20, 6787856
1439527398, 0, 950, 2008, 1848, 293, 20.83%, 30, 313, 4, 325.82, 6801312
1439527403, 0, 950, 2010, 1850, 293, 20.83%, 30, 313, 4, 330.80, 6802982
1439527418, 0, 950, 2012, 1852, 293, 20.83%, 30, 313, 4, 310.20, 6807862
1439527484, 0, 950, 2013, 1853, 293, 20.83%, 30, 313, 4, 335.26, 6829784
1439527500, 0, 950, 2013, 1853, 293, 20.83%, 30, 314, 4, 332.56, 6834794
1439527510, 0, 950, 2014, 1854, 293, 20.83%, 30, 314, 4, 325.98, 6838062
1439527591, 0, 950, 2014, 1854, 293, 20.83%, 30, 315, 4, 329.29, 6864852
1439527596, 0, 950, 2015, 1855, 293, 20.83%, 30, 315, 4, 344.74, 6866602
1439527642, 0, 950, 2016, 1856, 293, 20.83%, 30, 315, 4, 293.91, 6880852
1439527673, 0, 950, 2018, 1858, 293, 20.83%, 30, 315, 4, 290.81, 6889817
1439527744, 0, 950, 2019, 1859, 293, 20.83%, 30, 315, 4, 314.24, 6911786
1439527764, 0, 950, 2020, 1860, 293, 20.83%, 30, 315, 4, 316.00, 6918150
1439527820, 0, 950, 2020, 1860, 293, 20.83%, 30, 316, 4, 307.41, 6935796
1439527831, 0, 955, 2020, 1859, 299, 20.83%, 30, 316, 4, 312.39, 6939058
1439527846, 0, 955, 2020, 1859, 299, 20.83%, 30, 317, 4, 221.91, 6942420
1439527922, 0, 955, 2021, 1860, 299, 20.83%, 30, 317, 4, 266.32, 6961906
1439527927, 0, 955, 2022, 1861, 299, 20.84%, 30, 317, 4, 261.97, 6963186
1439527937, 0, 955, 2022, 1861, 299, 20.84%, 30, 318, 4, 263.42, 6965891
1439527952, 0, 955, 2023, 1862, 299, 20.84%, 30, 318, 4, 274.85, 6970086
1439527958, 0, 955, 2024, 1863, 299, 20.84%, 30, 318, 4, 290.54, 6971601
1439528003, 0, 955, 2025, 1864, 299, 20.84%, 30, 318, 4, 306.23, 6985273
1439528029, 0, 955, 2026, 1865, 299, 20.85%, 30, 318, 4, 305.95, 6992759
1439528059, 0, 955, 2027, 1866, 299, 20.85%, 30, 318, 4, 295.64, 7002006
1439528156, 0, 955, 2027, 1866, 299, 20.85%, 30, 319, 4, 230.18, 7030157
1439528298, 0, 955, 2028, 1867, 299, 20.85%, 30, 319, 4, 288.24, 7070041
1439528455, 0, 958, 2028, 1866, 300, 20.85%, 30, 319, 4, 62.70, 7116902
1439528552, 0, 958, 2032, 1869, 300, 20.86%, 30, 320, 4, 13.90, 7142079
1439528558, 0, 958, 2047, 1884, 300, 20.97%, 32, 320, 4, 8.88, 7142385
1439528563, 0, 959, 2061, 1898, 306, 20.97%, 32, 321, 4, 26.60, 7142715
1439528568, 0, 959, 2062, 1899, 306, 20.98%, 32, 321, 4, 260.50, 7144092
1439528589, 0, 959, 2062, 1899, 306, 20.98%, 32, 322, 4, 256.15, 7149528
1439528640, 0, 974, 2062, 1898, 306, 20.98%, 32, 322, 4, 331.41, 7165366
1439528690, 0, 974, 2065, 1901, 306, 20.98%, 32, 322, 4, 371.09, 7182484
1439528696, 0, 974, 2066, 1902, 306, 20.98%, 32, 322, 4, 368.58, 7184391
1439528721, 0, 974, 2067, 1903, 306, 20.98%, 32, 322, 4, 370.96, 7193774
1439528736, 0, 974, 2068, 1904, 306, 20.98%, 32, 322, 4, 360.06, 7198943
1439528751, 0, 974, 2069, 1905, 306, 20.98%, 32, 322, 4, 409.78, 7205047
1439528772, 0, 974, 2070, 1906, 306, 20.98%, 32, 322, 4, 392.78, 7213019
1439528903, 0, 974, 2071, 1907, 306, 20.98%, 32, 322, 4, 345.52, 7253491
1439529071, 0, 974, 2071, 1907, 306, 20.98%, 32, 323, 4, 328.93, 7310185
1439529132, 0, 974, 2071, 1907, 306, 20.98%, 32, 324, 4, 327.02, 7330249
1439529162, 0, 978, 2071, 1906, 306, 20.98%, 32, 325, 4, 243.08, 7339790
1439529193, 0, 978, 2071, 1906, 306, 20.98%, 32, 326, 4, 200.23, 7345763
1439529310, 0, 981, 2076, 1910, 305, 21.01%, 32, 326, 4, 244.63, 7371640
1439529315, 0, 981, 2087, 1921, 305, 21.18%, 32, 328, 4, 97.99, 7372270
1439529320, 0, 981, 2095, 1929, 305, 21.66%, 32, 329, 4, 117.27, 7372843
1439529325, 0, 981, 2101, 1935, 305, 21.70%, 32, 329, 4, 33.89, 7373326
1439529330, 0, 981, 2115, 1949, 305, 21.82%, 32, 329, 4, 113.37, 7374013
1439529335, 0, 981, 2121, 1955, 305, 22.07%, 32, 336, 4, 126.74, 7374429
1439529340, 0, 981, 2132, 1966, 305, 22.15%, 32, 336, 4, 142.14, 7375161
1439529346, 0, 981, 2142, 1976, 305, 22.22%, 32, 336, 4, 29.25, 7375909
1439529351, 0, 981, 2149, 1983, 305, 22.37%, 32, 336, 4, 82.00, 7376315
1439529356, 0, 981, 2152, 1986, 305, 22.40%, 32, 336, 4, 146.93, 7376843
1439529361, 0, 981, 2163, 1997, 305, 22.46%, 32, 336, 4, 143.36, 7377581
1439529366, 0, 981, 2171, 2005, 305, 22.54%, 32, 337, 4, 191.18, 7378154
1439529371, 0, 981, 2180, 2014, 305, 22.65%, 32, 341, 4, 18.45, 7378690
1439529376, 0, 981, 2191, 2025, 305, 22.75%, 32, 344, 4, 138.82, 7379425
1439529381, 0, 981, 2198, 2032, 305, 22.92%, 32, 350, 4, 41.51, 7380125
1439529386, 0, 981, 2200, 2034, 305, 22.94%, 32, 358, 4, 239.10, 7380898
1439529391, 0, 981, 2204, 2038, 305, 23.00%, 32, 358, 4, 219.36, 7382129
1439529396, 0, 981, 2208, 2042, 305, 23.15%, 32, 358, 4, 292.28, 7383257
1439529401, 0, 981, 2211, 2045, 305, 23.21%, 32, 361, 4, 241.22, 7384185
1439529407, 0, 981, 2215, 2049, 305, 23.22%, 32, 363, 4, 37.96, 7385382
1439529412, 0, 981, 2220, 2054, 305, 23.27%, 32, 365, 4, 266.01, 7386249
1439529417, 0, 981, 2222, 2056, 305, 23.37%, 32, 366, 4, 260.41, 7387472
1439529422, 0, 981, 2228, 2062, 305, 23.63%, 32, 369, 4, 247.70, 7388669
1439529427, 0, 981, 2231, 2065, 305, 23.66%, 32, 369, 4, 281.43, 7389660
1439529432, 0, 981, 2237, 2071, 305, 23.83%, 32, 372, 4, 263.64, 7390936
1439529437, 0, 981, 2240, 2074, 305, 23.87%, 32, 373, 4, 281.97, 7392233
1439529442, 0, 981, 2242, 2076, 305, 23.93%, 32, 376, 4, 303.55, 7393332
1439529447, 0, 981, 2248, 2082, 305, 24.06%, 32, 379, 4, 266.33, 7394620
1439529452, 0, 981, 2255, 2089, 305, 24.26%, 32, 381, 4, 263.63, 7395691
1439529457, 0, 981, 2259, 2093, 305, 24.84%, 32, 384, 4, 242.80, 7396884
1439529462, 0, 981, 2262, 2096, 305, 24.86%, 32, 385, 4, 287.71, 7398142
1439529468, 0, 981, 2265, 2099, 305, 24.86%, 32, 385, 4, 310.71, 7399162
1439529473, 0, 981, 2269, 2103, 305, 24.95%, 32, 386, 4, 266.48, 7400438
1439529478, 0, 981, 2271, 2105, 305, 25.32%, 32, 388, 4, 284.82, 7401751
1439529483, 0, 981, 2276, 2110, 305, 25.36%, 32, 391, 4, 216.38, 7402736
1439529488, 0, 981, 2281, 2115, 305, 25.67%, 32, 394, 4, 230.90, 7403940
1439529493, 0, 981, 2284, 2118, 305, 25.74%, 32, 396, 4, 275.41, 7405078
1439529498, 0, 981, 2289, 2123, 305, 25.90%, 32, 398, 4, 263.74, 7406352
1439529504, 0, 981, 2294, 2128, 305, 26.01%, 32, 399, 4, 218.86, 7407393
1439529509, 0, 981, 2299, 2133, 305, 26.05%, 32, 399, 4, 230.29, 7408681
1439529514, 0, 981, 2302, 2136, 305, 26.13%, 32, 403, 4, 326.14, 7409963
1439529519, 0, 981, 2305, 2139, 305, 26.34%, 32, 403, 4, 279.16, 7411291
1439529524, 0, 981, 2307, 2141, 305, 26.42%, 32, 404, 4, 281.32, 7412716
1439529529, 0, 981, 2309, 2143, 305, 26.70%, 32, 404, 4, 244.79, 7413926
1439529534, 0, 981, 2313, 2147, 305, 26.71%, 32, 407, 4, 240.55, 7415121
1439529539, 0, 981, 2316, 2150, 305, 26.74%, 32, 408, 4, 301.89, 7416370
1439529545, 0, 981, 2317, 2151, 305, 26.75%, 32, 410, 4, 296.43, 7417760
1439529550, 0, 981, 2320, 2154, 305, 26.81%, 32, 411, 4, 294.95, 7418965
1439529555, 0, 981, 2322, 2156, 305, 26.90%, 32, 412, 4, 23.05, 7419851
1439529560, 0, 981, 2324, 2158, 305, 26.90%, 32, 412, 4, 283.77, 7421252
1439529565, 0, 981, 2325, 2159, 305, 26.94%, 32, 413, 4, 289.19, 7422292
1439529571, 0, 981, 2329, 2163, 305, 26.96%, 32, 415, 4, 84.77, 7423263
1439529576, 0, 981, 2329, 2163, 305, 26.96%, 32, 417, 4, 249.23, 7424704
1439529581, 0, 981, 2331, 2165, 305, 26.97%, 32, 422, 4, 256.29, 7426016
1439529586, 0, 981, 2334, 2168, 305, 26.98%, 32, 422, 4, 247.80, 7427198
1439529591, 0, 981, 2337, 2171, 305, 27.01%, 32, 423, 4, 273.59, 7428575
1439529596, 0, 981, 2340, 2174, 305, 27.01%, 32, 427, 4, 286.04, 7430046
1439529601, 0, 981, 2342, 2176, 305, 27.04%, 32, 430, 4, 276.05, 7431381
1439529606, 0, 981, 2345, 2179, 305, 27.05%, 32, 433, 4, 260.01, 7432701
1439529612, 0, 981, 2348, 2182, 305, 27.06%, 32, 433, 4, 311.74, 7434086
1439529617, 0, 981, 2348, 2182, 305, 27.06%, 32, 436, 4, 268.13, 7435426
1439529622, 0, 981, 2349, 2183, 305, 27.06%, 32, 440, 4, 271.02, 7436800
1439529632, 0, 981, 2353, 2187, 305, 27.07%, 32, 442, 4, 222.73, 7439274
1439529637, 0, 981, 2356, 2190, 305, 27.09%, 32, 443, 4, 215.53, 7440414
1439529642, 0, 981, 2359, 2193, 305, 27.24%, 32, 443, 4, 233.61, 7441582
1439529647, 0, 981, 2361, 2195, 305, 27.26%, 32, 446, 4, 244.05, 7442830
1439529653, 0, 981, 2365, 2199, 305, 27.33%, 32, 450, 4, 321.96, 7443923
1439529658, 0, 981, 2368, 2202, 305, 27.40%, 32, 454, 4, 255.52, 7444950
1439529663, 0, 981, 2371, 2205, 305, 27.44%, 32, 456, 4, 336.64, 7446163
1439529668, 0, 981, 2373, 2207, 305, 27.49%, 32, 457, 4, 296.05, 7447501
1439529673, 0, 981, 2377, 2211, 305, 27.55%, 32, 457, 4, 259.52, 7448795
1439529678, 0, 981, 2380, 2214, 305, 27.71%, 32, 458, 4, 278.87, 7449898
1439529684, 0, 981, 2382, 2216, 305, 27.81%, 32, 460, 4, 318.21, 7451031
1439529689, 0, 981, 2385, 2219, 305, 28.01%, 32, 460, 4, 266.29, 7452217
1439529694, 0, 981, 2386, 2220, 305, 28.01%, 32, 460, 4, 264.97, 7453533
1439529699, 0, 981, 2388, 2222, 305, 28.04%, 32, 462, 4, 261.12, 7454783
1439529704, 0, 981, 2392, 2226, 305, 28.05%, 32, 465, 4, 239.92, 7455824
1439529709, 0, 981, 2395, 2229, 305, 28.06%, 32, 465, 4, 276.87, 7456721
1439529714, 0, 981, 2398, 2232, 305, 28.08%, 32, 466, 4, 236.62, 7457693
1439529719, 0, 981, 2401, 2235, 305, 28.18%, 32, 467, 4, 236.88, 7458888
1439529724, 0, 981, 2404, 2238, 305, 28.38%, 32, 468, 4, 252.30, 7460057
1439529729, 0, 981, 2407, 2241, 305, 28.41%, 32, 469, 4, 352.60, 7461175
1439529735, 0, 981, 2411, 2245, 305, 28.46%, 32, 469, 4, 260.37, 7462206
1439529740, 0, 981, 2414, 2248, 305, 28.49%, 32, 472, 4, 285.19, 7463300
1439529745, 0, 981, 2417, 2251, 305, 28.55%, 32, 473, 4, 8.91, 7464123
1439529750, 0, 981, 2421, 2255, 305, 28.73%, 32, 474, 4, 271.16, 7465136
1439529756, 0, 981, 2424, 2258, 305, 28.74%, 32, 477, 4, 243.49, 7466409
1439529761, 0, 981, 2424, 2258, 305, 28.74%, 32, 480, 4, 267.42, 7467774
1439529766, 0, 981, 2428, 2262, 305, 28.76%, 32, 480, 4, 41.91, 7468842
1439529771, 0, 981, 2429, 2263, 305, 28.76%, 33, 480, 4, 269.74, 7470041
1439529776, 0, 981, 2433, 2267, 305, 28.81%, 33, 483, 4, 241.58, 7471235
1439529781, 0, 981, 2438, 2272, 305, 28.98%, 33, 484, 4, 289.27, 7472335
1439529786, 0, 981, 2443, 2277, 305, 29.00%, 33, 487, 4, 237.65, 7473453
1439529791, 0, 981, 2444, 2278, 305, 29.00%, 33, 489, 4, 286.86, 7474940
1439529796, 0, 981, 2445, 2279, 305, 29.01%, 33, 491, 4, 304.56, 7476458
1439529802, 0, 981, 2450, 2284, 305, 29.10%, 33, 492, 4, 52.01, 7477874
1439529807, 0, 981, 2451, 2285, 305, 29.10%, 33, 492, 4, 318.40, 7479512
1439529812, 0, 981, 2455, 2289, 305, 29.28%, 33, 492, 4, 305.08, 7480803
1439529817, 0, 981, 2455, 2289, 305, 29.28%, 33, 495, 4, 313.46, 7482447
1439529822, 0, 981, 2458, 2292, 305, 29.29%, 33, 495, 4, 304.42, 7483778
1439529827, 0, 981, 2462, 2296, 305, 29.31%, 33, 495, 4, 292.75, 7485201
1439529832, 0, 981, 2463, 2297, 305, 29.31%, 33, 499, 4, 319.36, 7486822
1439529837, 0, 981, 2465, 2299, 305, 29.32%, 33, 500, 4, 312.34, 7488408
1439529842, 0, 981, 2467, 2301, 305, 29.33%, 33, 500, 4, 282.21, 7489776
1439529848, 0, 981, 2470, 2304, 305, 29.41%, 33, 500, 4, 271.58, 7491178
1439529853, 0, 981, 2471, 2305, 305, 29.41%, 33, 500, 4, 292.59, 7492668
1439529858, 0, 981, 2472, 2306, 305, 29.41%, 33, 500, 4, 299.82, 7494266
1439529863, 0, 981, 2474, 2308, 305, 29.48%, 33, 500, 4, 307.84, 7495798
1439529868, 0, 981, 2476, 2310, 305, 29.57%, 33, 500, 4, 293.17, 7497293
1439529873, 0, 981, 2480, 2314, 305, 29.93%, 33, 500, 4, 297.99, 7498863
1439529878, 0, 981, 2481, 2315, 305, 30.02%, 33, 500, 4, 328.46, 7500482
1439529883, 0, 981, 2483, 2317, 305, 30.27%, 33, 500, 4, 329.14, 7502122
1439529888, 0, 981, 2485, 2319, 305, 30.42%, 33, 500, 4, 341.56, 7503840
1439529893, 0, 981, 2487, 2321, 305, 30.47%, 33, 500, 4, 333.32, 7505444
1439529898, 0, 981, 2488, 2322, 305, 30.48%, 33, 500, 4, 356.13, 7507218
1439529903, 0, 981, 2492, 2326, 305, 30.50%, 33, 500, 4, 340.31, 7508679
1439529908, 0, 981, 2494, 2328, 305, 30.64%, 33, 500, 4, 339.64, 7510374
1439529913, 0, 983, 2499, 2332, 404, 30.98%, 33, 500, 4, 97.09, 7511086
1439529919, 0, 983, 2503, 2336, 404, 31.05%, 33, 500, 4, 123.61, 7511872
1439529924, 0, 983, 2509, 2342, 404, 31.07%, 33, 500, 4, 145.63, 7512553
1439529929, 0, 983, 2514, 2347, 404, 31.08%, 33, 500, 4, 141.30, 7513271
1439529934, 0, 983, 2521, 2354, 404, 31.10%, 33, 500, 4, 162.09, 7514055
1439529939, 0, 983, 2526, 2359, 404, 31.11%, 33, 500, 4, 166.30, 7514912
1439529944, 0, 983, 2533, 2366, 404, 31.23%, 33, 500, 4, 136.34, 7515587
1439529949, 0, 983, 2535, 2368, 404, 31.28%, 33, 500, 4, 153.83, 7516371
1439529959, 0, 983, 2537, 2370, 404, 31.63%, 33, 500, 4, 294.21, 7519755
1439529969, 0, 983, 2539, 2372, 404, 31.65%, 33, 500, 4, 16.79, 7522829
1439529974, 0, 983, 2542, 2375, 404, 31.90%, 33, 500, 4, 299.46, 7524077
1439529980, 0, 983, 2545, 2378, 404, 31.97%, 33, 500, 4, 224.26, 7525023
1439529985, 0, 983, 2550, 2383, 404, 32.02%, 33, 500, 4, 27.97, 7526020
1439529990, 0, 983, 2552, 2385, 404, 32.05%, 33, 500, 4, 246.25, 7527282
1439529995, 0, 983, 2554, 2387, 404, 32.10%, 33, 500, 4, 242.01, 7528456
1439530000, 0, 983, 2558, 2391, 404, 32.14%, 33, 500, 4, 268.38, 7529455
1439530005, 0, 983, 2559, 2392, 404, 32.14%, 33, 500, 4, 279.00, 7530827
1439530010, 0, 983, 2562, 2395, 404, 32.16%, 33, 500, 4, 276.20, 7531833
1439530020, 0, 983, 2565, 2398, 404, 32.17%, 33, 500, 4, 288.61, 7534832
1439530035, 0, 983, 2567, 2400, 404, 32.17%, 33, 500, 4, 278.52, 7538958
1439530041, 0, 983, 2568, 2401, 404, 32.17%, 33, 500, 4, 306.11, 7540526
1439530046, 0, 983, 2570, 2403, 404, 32.26%, 33, 500, 4, 244.48, 7541834
1439530051, 0, 983, 2574, 2407, 404, 32.34%, 33, 500, 4, 262.55, 7543163
1439530056, 0, 983, 2576, 2409, 404, 32.35%, 33, 500, 4, 292.53, 7544698
1439530061, 0, 983, 2578, 2411, 404, 32.35%, 33, 500, 4, 278.42, 7546073
1439530066, 0, 983, 2579, 2412, 404, 32.36%, 33, 500, 4, 302.94, 7547626
1439530071, 0, 983, 2586, 2419, 404, 32.40%, 33, 500, 4, 287.62, 7549083
1439530076, 0, 983, 2589, 2422, 404, 32.44%, 33, 500, 4, 294.45, 7550613
1439530081, 0, 983, 2591, 2424, 404, 32.44%, 33, 500, 4, 280.68, 7552053
1439530087, 0, 983, 2594, 2427, 404, 32.45%, 33, 500, 4, 308.66, 7553355
1439530097, 0, 983, 2595, 2428, 404, 32.45%, 33, 500, 4, 286.74, 7556226
1439530102, 0, 983, 2596, 2429, 404, 32.46%, 33, 500, 4, 323.21, 7557885
1439530112, 0, 983, 2597, 2430, 404, 32.48%, 33, 500, 4, 345.32, 7560950
1439530117, 0, 983, 2598, 2431, 404, 32.51%, 33, 500, 4, 332.39, 7562604
1439530122, 0, 983, 2602, 2435, 404, 32.53%, 33, 500, 4, 290.12, 7564069
1439530127, 0, 983, 2603, 2436, 404, 32.53%, 33, 500, 4, 276.47, 7565462
1439530132, 0, 983, 2606, 2439, 404, 32.54%, 33, 500, 4, 297.28, 7566609
1439530142, 0, 983, 2610, 2443, 404, 32.59%, 33, 500, 4, 74.65, 7569476
1439530148, 0, 983, 2611, 2444, 404, 32.65%, 33, 500, 4, 238.19, 7570706
1439530153, 0, 983, 2612, 2445, 404, 32.74%, 33, 500, 4, 329.10, 7572250
1439530158, 0, 983, 2614, 2447, 404, 32.74%, 33, 500, 4, 255.28, 7573394
1439530163, 0, 983, 2615, 2448, 404, 32.74%, 33, 500, 4, 313.69, 7575070
1439530178, 0, 983, 2616, 2449, 404, 32.75%, 33, 500, 4, 227.05, 7580016
1439530183, 0, 983, 2619, 2452, 404, 32.95%, 33, 500, 4, 251.91, 7581368
1439530188, 0, 983, 2621, 2454, 404, 32.96%, 33, 500, 4, 291.62, 7582859
1439530193, 0, 983, 2623, 2456, 404, 33.06%, 33, 500, 4, 297.43, 7584372
1439530198, 0, 983, 2624, 2457, 404, 33.06%, 33, 500, 4, 326.20, 7586068
1439530204, 0, 983, 2626, 2459, 404, 33.25%, 33, 500, 4, 299.52, 7587434
1439530209, 0, 983, 2627, 2460, 404, 33.25%, 33, 500, 4, 292.38, 7588994
1439530219, 0, 983, 2628, 2461, 404, 33.26%, 33, 500, 4, 315.71, 7592258
1439530224, 0, 983, 2630, 2463, 404, 33.26%, 33, 500, 4, 314.27, 7593942
1439530229, 0, 983, 2631, 2464, 404, 33.26%, 33, 500, 4, 313.17, 7595468
1439530234, 0, 983, 2633, 2466, 404, 33.27%, 33, 500, 4, 311.17, 7597096
1439530240, 0, 983, 2635, 2468, 404, 33.27%, 33, 500, 4, 315.21, 7598742
1439530245, 0, 983, 2638, 2471, 404, 33.30%, 33, 500, 4, 318.84, 7600001
1439530250, 0, 983, 2639, 2472, 404, 33.30%, 33, 500, 4, 332.16, 7601720
1439530255, 0, 983, 2643, 2476, 404, 33.38%, 33, 500, 4, 283.48, 7602860
1439530260, 0, 983, 2645, 2478, 404, 33.43%, 33, 500, 4, 307.62, 7604426
1439530265, 0, 983, 2650, 2483, 404, 33.49%, 33, 500, 4, 258.93, 7605713
1439530270, 0, 983, 2651, 2484, 404, 33.49%, 33, 500, 4, 300.09, 7607301
1439530275, 0, 983, 2653, 2486, 404, 33.49%, 33, 500, 4, 294.21, 7608758
1439530280, 0, 983, 2655, 2488, 404, 33.52%, 33, 500, 4, 290.43, 7610238
1439530285, 0, 983, 2656, 2489, 404, 33.54%, 33, 500, 4, 323.42, 7611924
1439530290, 0, 983, 2658, 2491, 404, 33.54%, 33, 500, 4, 312.17, 7613444
1439530295, 0, 983, 2660, 2493, 404, 33.55%, 33, 500, 4, 318.55, 7615018
1439530301, 0, 983, 2661, 2494, 404, 33.55%, 33, 500, 4, 322.45, 7616630
1439530306, 0, 983, 2663, 2496, 404, 33.56%, 33, 500, 4, 316.82, 7618186
1439530311, 0, 983, 2667, 2500, 404, 33.66%, 33, 500, 4, 298.18, 7619484
1439530316, 0, 983, 2670, 2503, 404, 33.94%, 33, 500, 4, 272.54, 7620875
1439530321, 0, 983, 2672, 2505, 404, 33.95%, 33, 500, 4, 303.86, 7622333
1439530326, 0, 983, 2674, 2507, 404, 34.00%, 33, 500, 4, 338.26, 7623612
1439530331, 0, 983, 2676, 2509, 404, 40.74%, 33, 500, 4, 296.27, 7625090
1439530336, 0, 983, 2680, 2513, 404, 40.77%, 33, 500, 4, 207.36, 7626346
1439530341, 0, 983, 2681, 2514, 404, 40.77%, 33, 500, 4, 300.97, 7627975
1439530346, 0, 983, 2683, 2516, 404, 40.83%, 33, 500, 4, 307.49, 7629540
1439530352, 0, 983, 2684, 2517, 404, 40.83%, 33, 500, 4, 317.98, 7631212
1439530357, 0, 983, 2686, 2519, 404, 40.84%, 33, 500, 4, 306.33, 7632792
1439530362, 0, 983, 2688, 2521, 404, 40.85%, 33, 500, 4, 312.11, 7634400
1439530367, 0, 983, 2689, 2522, 404, 40.93%, 33, 500, 4, 331.17, 7635864
1439530372, 0, 983, 2690, 2523, 404, 40.98%, 33, 500, 4, 202.76, 7637398
1439530382, 0, 983, 2693, 2526, 404, 41.02%, 33, 500, 4, 290.16, 7640550
1439530387, 0, 983, 2694, 2527, 404, 41.02%, 33, 500, 4, 324.58, 7642256
1439530392, 0, 983, 2696, 2529, 404, 41.05%, 33, 500, 4, 306.81, 7643782
1439530397, 0, 983, 2697, 2530, 404, 41.05%, 33, 500, 4, 315.17, 7645400
1439530408, 0, 983, 2699, 2532, 404, 41.06%, 33, 500, 4, 78.64, 7648473
1439530413, 0, 983, 2703, 2536, 404, 41.07%, 33, 500, 4, 274.66, 7650050
1439530418, 0, 983, 2706, 2539, 404, 41.10%, 33, 500, 4, 285.34, 7651508
1439530428, 0, 983, 2707, 2540, 404, 41.10%, 33, 500, 4, 335.86, 7654847
1439530433, 0, 983, 2708, 2541, 404, 41.10%, 33, 500, 4, 334.68, 7656555
1439530438, 0, 983, 2710, 2543, 404, 41.13%, 33, 500, 4, 360.87, 7657945
1439530443, 0, 983, 2712, 2545, 404, 41.14%, 33, 500, 4, 321.75, 7659523
1439530448, 0, 983, 2713, 2546, 404, 41.14%, 33, 500, 4, 298.83, 7661013
1439530459, 0, 983, 2715, 2548, 404, 41.15%, 33, 500, 4, 283.25, 7663848
1439530469, 0, 983, 2716, 2549, 404, 41.15%, 33, 500, 4, 281.88, 7666618
1439530479, 0, 983, 2717, 2550, 404, 41.16%, 33, 500, 4, 278.90, 7669493
1439530484, 0, 983, 2718, 2551, 404, 41.17%, 33, 500, 4, 272.55, 7670678
1439530494, 0, 983, 2719, 2552, 404, 41.17%, 33, 500, 4, 278.09, 7673593
1439530499, 0, 983, 2720, 2553, 404, 41.18%, 33, 500, 4, 260.37, 7674923
1439530509, 0, 983, 2722, 2555, 404, 41.18%, 33, 500, 4, 286.61, 7677853
1439530529, 0, 983, 2727, 2559, 403, 41.19%, 33, 500, 4, 152.69, 7683283
1439530534, 0, 983, 2729, 2561, 403, 41.20%, 33, 500, 4, 103.49, 7683781
1439530540, 0, 983, 2737, 2569, 403, 41.23%, 33, 500, 4, 99.54, 7684284
1439530545, 0, 983, 2744, 2576, 403, 41.27%, 33, 500, 4, 94.68, 7684734
1439530550, 0, 983, 2752, 2584, 403, 41.32%, 33, 500, 4, 93.62, 7685187
1439530555, 0, 983, 2759, 2591, 403, 41.35%, 33, 500, 4, 2.23, 7685603
1439530560, 0, 983, 2767, 2599, 403, 41.37%, 33, 500, 4, 10.60, 7686008
1439530565, 0, 984, 2775, 2607, 455, 41.42%, 33, 500, 4, 116.27, 7686501
1439530728, 0, 989, 2775, 2606, 455, 41.42%, 33, 500, 4, 295.00, 7731007
1439530814, 0, 991, 2775, 2605, 454, 41.42%, 33, 500, 4, 299.06, 7755365
1439530906, 0, 995, 2775, 2604, 453, 41.42%, 33, 500, 4, 344.65, 7779210
1439530916, 0, 995, 2777, 2606, 453, 41.43%, 33, 500, 4, 387.39, 7783142
1439530942, 0, 995, 2778, 2607, 453, 41.43%, 33, 500, 4, 395.49, 7793208
1439530987, 0, 996, 2778, 2606, 455, 41.43%, 33, 500, 4, 384.42, 7810443
1439531069, 0, 996, 2783, 2610, 454, 41.44%, 33, 500, 4, 205.47, 7841260
1439531074, 0, 997, 2784, 2611, 455, 41.44%, 33, 500, 4, 358.50, 7843228
1439531104, 0, 997, 2785, 2612, 455, 41.44%, 33, 500, 4, 404.90, 7855497
1439531114, 0, 997, 2787, 2614, 455, 41.46%, 33, 500, 4, 396.37, 7859537
1439531124, 0, 997, 2789, 2616, 455, 41.46%, 33, 500, 4, 387.00, 7863563
1439531144, 0, 997, 2790, 2617, 455, 41.46%, 33, 500, 4, 368.59, 7871063
1439531180, 0, 998, 2790, 2616, 459, 41.46%, 33, 500, 4, 388.46, 7884451
1439531215, 0, 998, 2791, 2617, 459, 41.46%, 33, 500, 4, 392.63, 7898508
1439531251, 0, 998, 2792, 2618, 459, 41.47%, 33, 500, 4, 372.03, 7912079
1439531286, 0, 999, 2792, 2617, 459, 41.47%, 33, 500, 4, 367.93, 7925063
1439531337, 0, 1023, 2792, 2616, 458, 41.47%, 33, 500, 4, 357.25, 7944439
1439531413, 0, 1023, 2793, 2617, 458, 41.47%, 33, 500, 4, 314.04, 7970449
1439531438, 0, 1027, 2793, 2616, 457, 41.47%, 33, 500, 4, 345.89, 7978924
1439531499, 0, 1027, 2794, 2617, 457, 41.47%, 33, 500, 4, 390.95, 8002524
1439531530, 0, 1027, 2802, 2624, 456, 41.48%, 33, 500, 4, 196.85, 8013328
1439531535, 0, 1038, 2803, 2625, 456, 41.48%, 33, 500, 4, 271.18, 8014802
1439531673, 0, 1046, 2803, 2624, 455, 41.48%, 33, 500, 4, 336.82, 8057442
1439531724, 0, 1066, 2803, 2623, 454, 41.48%, 33, 500, 4, 278.36, 8067961
1439531739, 0, 1097, 2803, 2622, 453, 41.48%, 33, 500, 4, 406.63, 8073921
1439531790, 0, 1098, 2803, 2621, 452, 41.48%, 33, 500, 4, 372.20, 8096603
1439531836, 0, 1098, 2804, 2622, 452, 41.48%, 33, 500, 4, 343.46, 8113957
1439531867, 0, 1101, 2804, 2621, 452, 41.48%, 33, 500, 4, 361.43, 8124487
1439531872, 0, 1101, 2806, 2623, 452, 41.48%, 33, 500, 4, 279.11, 8125770
1439531887, 0, 1101, 2807, 2624, 452, 41.49%, 33, 500, 4, 253.71, 8129673
1439531973, 0, 1101, 2809, 2626, 452, 41.49%, 34, 500, 4, 224.68, 8149536
1439531978, 0, 1101, 2811, 2628, 452, 41.49%, 34, 500, 4, 224.46, 8150684
1439531983, 0, 1101, 2814, 2631, 452, 41.49%, 34, 500, 4, 234.10, 8151878
1439531988, 0, 1101, 2816, 2633, 452, 41.49%, 34, 500, 4, 230.04, 8153078
1439531993, 0, 1101, 2817, 2634, 452, 41.49%, 34, 500, 4, 226.43, 8154204
1439531998, 0, 1101, 2820, 2637, 452, 41.49%, 34, 500, 4, 243.10, 8155446
1439532014, 0, 1101, 2822, 2639, 452, 41.49%, 34, 500, 4, 30.96, 8158954
1439532040, 0, 1101, 2824, 2641, 452, 41.49%, 34, 500, 4, 221.94, 8164810
1439532050, 0, 1101, 2824, 2641, 452, 41.49%, 35, 500, 4, 195.43, 8166921
1439532060, 0, 1101, 2825, 2642, 452, 41.49%, 35, 500, 4, 194.39, 8168920
1439532065, 0, 1101, 2825, 2642, 452, 41.49%, 36, 500, 4, 196.30, 8169937
1439532070, 0, 1101, 2826, 2643, 452, 41.49%, 36, 500, 4, 199.33, 8170934
1439532086, 0, 1101, 2828, 2645, 452, 41.49%, 36, 500, 4, 203.06, 8173922
1439532106, 0, 1101, 2829, 2646, 452, 41.49%, 36, 500, 4, 207.45, 8178080
1439532126, 0, 1101, 2830, 2647, 452, 41.49%, 36, 500, 4, 177.74, 8181912
1439532136, 0, 1101, 2831, 2648, 452, 41.49%, 36, 500, 4, 205.03, 8183772
1439532147, 0, 1101, 2831, 2648, 452, 41.49%, 37, 500, 4, 227.52, 8185964
1439532167, 0, 1101, 2832, 2649, 452, 41.49%, 37, 500, 4, 215.92, 8190294
1439532172, 0, 1101, 2833, 2650, 452, 41.49%, 37, 500, 4, 214.35, 8191400
1439532243, 0, 1101, 2834, 2651, 452, 41.49%, 37, 500, 4, 212.03, 8207018
1439532294, 0, 1101, 2835, 2652, 452, 41.49%, 37, 500, 4, 220.66, 8218100
1439532309, 0, 1101, 2836, 2653, 452, 41.49%, 37, 500, 4, 222.96, 8221414
1439532325, 0, 1101, 2837, 2654, 452, 41.49%, 37, 500, 4, 219.23, 8224716
1439532330, 0, 1101, 2838, 2655, 452, 41.49%, 37, 500, 4, 220.47, 8225842
1439532345, 0, 1101, 2839, 2656, 452, 41.49%, 38, 500, 4, 219.06, 8229136
1439532370, 0, 1101, 2841, 2658, 452, 41.49%, 38, 500, 4, 222.83, 8234872
1439532411, 0, 1101, 2842, 2659, 452, 41.49%, 38, 500, 4, 231.26, 8243966
1439532452, 0, 1101, 2843, 2660, 452, 41.49%, 38, 500, 4, 225.69, 8252960
1439532462, 0, 1101, 2844, 2661, 452, 41.49%, 38, 500, 4, 207.63, 8255110
1439532477, 0, 1101, 2845, 2662, 452, 41.49%, 38, 500, 4, 209.23, 8258320
1439532488, 0, 1101, 2846, 2663, 452, 41.49%, 38, 500, 4, 205.54, 8260346
1439532503, 0, 1101, 2847, 2664, 452, 41.49%, 38, 500, 4, 205.59, 8263428
1439532533, 0, 1101, 2848, 2665, 452, 41.49%, 38, 500, 4, 227.35, 8269930
1439532620, 0, 1101, 2849, 2666, 452, 41.49%, 38, 500, 4, 206.92, 8288032
1439532640, 0, 1101, 2850, 2667, 452, 41.49%, 38, 500, 4, 209.56, 8292338
1439532681, 0, 1101, 2851, 2668, 452, 41.49%, 38, 500, 4, 156.04, 8300802
1439532691, 0, 1101, 2852, 2669, 452, 41.49%, 38, 500, 4, 194.24, 8302861
1439532696, 0, 1101, 2853, 2670, 452, 41.49%, 38, 500, 4, 149.46, 8303627
1439532722, 0, 1101, 2854, 2671, 452, 41.49%, 38, 500, 4, 194.75, 8307714
1439532727, 0, 1101, 2855, 2671, 451, 41.49%, 38, 500, 4, 191.51, 8308736
1439532732, 0, 1101, 2859, 2675, 451, 41.50%, 38, 500, 4, 143.71, 8309374
1439532737, 0, 1101, 2867, 2683, 451, 41.52%, 38, 500, 4, 96.49, 8309795
1439532742, 0, 1105, 2873, 2689, 455, 41.53%, 38, 500, 4, 136.38, 8310414
1439532748, 0, 1105, 2874, 2690, 455, 41.53%, 38, 500, 4, 208.34, 8311527
1439532804, 0, 1108, 2874, 2689, 454, 41.53%, 38, 500, 4, 281.80, 8324298
1439532809, 0, 1108, 2880, 2695, 454, 41.56%, 38, 500, 4, 135.93, 8324755
1439532814, 0, 1108, 2886, 2701, 454, 41.58%, 38, 500, 4, 106.47, 8325266
1439532819, 0, 1108, 2891, 2706, 454, 41.61%, 38, 500, 4, 109.91, 8325897
1439532824, 0, 1108, 2899, 2714, 454, 41.64%, 38, 500, 4, 96.26, 8326390
1439532829, 0, 1108, 2906, 2721, 454, 41.67%, 38, 500, 4, 94.49, 8326861
1439532834, 0, 1108, 2914, 2729, 454, 41.69%, 38, 500, 4, 100.60, 8327424
1439532839, 0, 1108, 2919, 2734, 454, 41.71%, 38, 500, 4, 129.65, 8328076
1439532844, 0, 1108, 2923, 2738, 454, 41.73%, 38, 500, 4, 115.61, 8328537
1439532849, 0, 1108, 2930, 2745, 454, 41.74%, 38, 500, 4, 100.73, 8329029
1439532855, 0, 1108, 2937, 2752, 454, 41.78%, 38, 500, 4, 110.70, 8329686
1439532860, 0, 1108, 2942, 2757, 454, 41.80%, 38, 500, 4, 103.77, 8330116
1439532865, 0, 1108, 2948, 2763, 454, 41.82%, 38, 500, 4, 111.01, 8330712
1439532870, 0, 1108, 2953, 2768, 454, 41.83%, 38, 500, 4, 103.85, 8331269
1439532875, 0, 1108, 2954, 2769, 454, 41.84%, 38, 500, 4, 109.60, 8331784
1439532880, 0, 1108, 2957, 2772, 454, 41.85%, 38, 500, 4, 209.35, 8332854
1439532885, 0, 1108, 2959, 2774, 454, 41.86%, 38, 500, 4, 242.73, 8334162
1439532890, 0, 1108, 2961, 2776, 454, 41.86%, 38, 500, 4, 224.84, 8335370
1439532896, 0, 1108, 2965, 2780, 454, 41.87%, 38, 500, 4, 231.89, 8336530
1439532901, 0, 1108, 2967, 2782, 454, 41.87%, 38, 500, 4, 217.21, 8337646
1439532906, 0, 1108, 2971, 2786, 454, 41.90%, 38, 500, 4, 240.35, 8338818
1439532911, 0, 1108, 2973, 2788, 454, 41.91%, 38, 500, 4, 245.25, 8340082
1439532916, 0, 1108, 2976, 2791, 454, 41.92%, 38, 500, 4, 271.89, 8341402
1439532921, 0, 1108, 2980, 2795, 454, 41.94%, 38, 500, 4, 256.29, 8342492
1439532926, 0, 1108, 2981, 2796, 454, 41.94%, 38, 500, 4, 285.48, 8344047
1439532931, 0, 1108, 2984, 2799, 454, 41.94%, 38, 500, 4, 254.65, 8345297
1439532936, 0, 1108, 2986, 2801, 454, 41.95%, 38, 500, 4, 258.57, 8346592
1439532941, 0, 1108, 2988, 2803, 454, 41.95%, 38, 500, 4, 255.46, 8347792
1439532946, 0, 1108, 2990, 2805, 454, 41.96%, 38, 500, 4, 271.54, 8349150
1439532951, 0, 1108, 2994, 2809, 454, 41.98%, 38, 500, 4, 253.69, 8350325
1439532962, 0, 1108, 2997, 2812, 454, 41.99%, 38, 500, 4, 278.11, 8353175
1439532967, 0, 1108, 3001, 2816, 454, 42.00%, 38, 500, 4, 43.73, 8354316
1439532972, 0, 1108, 3003, 2818, 454, 42.01%, 38, 500, 4, 212.04, 8355684
1439532977, 0, 1108, 3006, 2821, 454, 42.02%, 38, 500, 4, 233.47, 8356965
1439532982, 0, 1108, 3008, 2823, 454, 42.02%, 38, 500, 4, 270.00, 8358346
1439532987, 0, 1108, 3011, 2826, 454, 42.03%, 38, 500, 4, 250.54, 8359631
1439532997, 0, 1108, 3012, 2827, 454, 42.03%, 38, 500, 4, 270.84, 8362466
1439533002, 0, 1108, 3014, 2829, 454, 42.05%, 38, 500, 4, 263.50, 8363744
1439533008, 0, 1108, 3016, 2831, 454, 42.06%, 38, 500, 4, 254.94, 8364993
1439533018, 0, 1108, 3018, 2833, 454, 42.06%, 38, 500, 4, 281.18, 8367811
1439533023, 0, 1108, 3020, 2835, 454, 42.08%, 38, 500, 4, 279.83, 8369179
1439533033, 0, 1108, 3023, 2838, 454, 42.09%, 38, 500, 4, 265.05, 8372082
1439533043, 0, 1108, 3025, 2840, 454, 42.10%, 38, 500, 4, 288.26, 8375169
1439533049, 0, 1108, 3027, 2842, 454, 42.10%, 38, 500, 4, 278.58, 8376539
1439533054, 0, 1108, 3029, 2844, 454, 42.11%, 38, 500, 4, 282.73, 8377971
