# unix_time, cycles_done, cur_path, paths_total, pending_total, pending_favs, map_size, unique_crashes, unique_hangs, max_depth, execs_per_sec
1435807264, 0, 0, 1, 1, 1, 6.48%, 0, 0, 1, 109.89
1435807269, 0, 0, 5, 5, 1, 6.64%, 0, 0, 2, 124.90
1435807274, 0, 0, 51, 51, 1, 6.93%, 0, 0, 2, 124.61
1435807279, 0, 0, 82, 82, 1, 7.12%, 0, 0, 2, 123.85
1435807284, 0, 0, 111, 111, 1, 7.24%, 0, 0, 2, 124.56
1435807289, 0, 0, 132, 132, 1, 7.28%, 0, 0, 2, 122.89
1435807295, 0, 0, 151, 151, 1, 7.30%, 0, 0, 2, 123.45
1435807300, 0, 0, 175, 175, 1, 7.32%, 0, 0, 2, 124.56
1435807305, 0, 0, 186, 186, 1, 7.32%, 0, 0, 2, 124.38
1435807310, 0, 0, 192, 192, 1, 7.32%, 0, 0, 2, 123.49
1435807315, 0, 0, 213, 213, 1, 7.42%, 0, 0, 2, 122.41
1435807320, 0, 0, 215, 215, 1, 7.43%, 0, 0, 2, 122.62
1435807325, 0, 0, 230, 230, 1, 7.50%, 0, 0, 2, 122.66
1435807330, 0, 0, 244, 244, 1, 7.55%, 0, 0, 2, 122.93
1435807336, 0, 0, 258, 258, 1, 7.60%, 0, 0, 2, 122.21
1435807341, 0, 0, 262, 262, 1, 7.62%, 0, 0, 2, 123.87
1435807346, 0, 0, 269, 269, 1, 7.66%, 0, 0, 2, 127.86
1435807351, 0, 0, 277, 277, 1, 7.68%, 0, 0, 2, 127.06
1435807356, 0, 0, 282, 282, 1, 7.72%, 0, 0, 2, 125.81
1435807361, 0, 0, 285, 285, 1, 7.72%, 0, 0, 2, 124.76
1435807366, 0, 0, 286, 286, 1, 7.73%, 0, 0, 2, 125.99
1435807377, 0, 0, 291, 291, 1, 7.77%, 0, 0, 2, 121.97
1435807382, 0, 0, 295, 295, 1, 7.77%, 0, 0, 2, 122.52
1435807387, 0, 0, 296, 296, 1, 7.77%, 0, 0, 2, 118.52
1435807392, 0, 0, 299, 299, 1, 7.78%, 0, 0, 2, 120.69
1435807397, 0, 0, 300, 300, 1, 7.78%, 0, 0, 2, 124.21
1435807407, 0, 0, 302, 302, 1, 7.78%, 0, 0, 2, 122.26
1435807412, 0, 0, 303, 303, 1, 7.79%, 0, 0, 2, 124.23
1435807417, 0, 0, 304, 304, 1, 7.79%, 0, 0, 2, 123.63
1435807433, 0, 0, 307, 307, 1, 7.80%, 0, 0, 2, 126.12
1435807438, 0, 0, 308, 308, 1, 7.80%, 0, 0, 2, 122.93
1435807443, 0, 0, 310, 310, 1, 7.81%, 0, 0, 2, 121.19
1435807448, 0, 0, 311, 311, 1, 7.81%, 0, 0, 2, 122.50
1435807463, 0, 0, 314, 314, 1, 7.82%, 0, 0, 2, 128.51
1435807468, 0, 0, 316, 316, 1, 7.82%, 0, 0, 2, 130.60
1435807474, 0, 0, 319, 319, 1, 7.83%, 0, 0, 2, 131.87
1435807479, 0, 0, 321, 321, 1, 7.84%, 0, 0, 2, 131.96
1435807484, 0, 0, 324, 324, 1, 7.84%, 0, 0, 2, 131.63
1435807489, 0, 0, 331, 331, 1, 7.84%, 0, 0, 2, 130.26
1435807509, 0, 0, 333, 333, 1, 7.85%, 0, 0, 2, 126.37
1435807520, 0, 0, 335, 335, 1, 7.88%, 0, 0, 2, 127.85
1435807530, 0, 0, 336, 336, 1, 7.89%, 0, 0, 2, 127.98
1435807540, 0, 0, 337, 337, 1, 7.89%, 0, 0, 2, 124.31
1435807545, 0, 0, 338, 338, 1, 7.89%, 0, 0, 2, 108.23
1435807551, 0, 0, 341, 341, 1, 7.90%, 0, 0, 2, 105.10
1435807561, 0, 0, 342, 342, 1, 7.91%, 0, 0, 2, 105.46
1435807581, 0, 0, 343, 343, 1, 7.91%, 0, 0, 2, 97.49
1435807627, 0, 0, 344, 344, 1, 7.91%, 0, 0, 2, 102.61
1435807714, 0, 0, 345, 345, 1, 7.91%, 0, 0, 2, 120.06
1435807724, 0, 0, 356, 356, 1, 7.92%, 0, 0, 2, 119.56
1435807765, 0, 0, 357, 357, 1, 7.93%, 0, 0, 2, 124.99
1435807770, 0, 0, 358, 358, 1, 7.93%, 0, 0, 2, 125.29
1435807791, 0, 0, 360, 360, 1, 8.11%, 0, 0, 2, 123.78
1435807796, 0, 0, 362, 362, 1, 8.12%, 0, 0, 2, 123.79
1435807811, 0, 0, 363, 363, 1, 8.12%, 0, 0, 2, 122.80
1435807816, 0, 0, 365, 365, 1, 8.15%, 0, 0, 2, 105.85
1435807847, 0, 0, 366, 366, 1, 8.16%, 0, 0, 2, 102.09
1435807877, 0, 0, 367, 367, 1, 8.16%, 0, 0, 2, 104.32
1435807882, 0, 0, 369, 369, 1, 8.18%, 0, 0, 2, 108.81
1435807898, 0, 0, 372, 372, 1, 8.18%, 0, 0, 2, 109.92
1435807903, 0, 0, 375, 375, 1, 8.22%, 0, 0, 2, 108.89
1435807908, 0, 0, 377, 377, 1, 8.23%, 0, 0, 2, 109.32
1435807913, 0, 0, 378, 378, 1, 8.23%, 0, 0, 2, 109.12
1435807918, 0, 0, 380, 380, 1, 8.23%, 0, 0, 2, 109.19
1435807928, 0, 0, 381, 381, 1, 8.23%, 0, 0, 2, 108.51
1435807933, 0, 0, 383, 383, 1, 8.23%, 0, 0, 2, 108.19
1435807944, 0, 0, 384, 384, 1, 8.24%, 0, 0, 2, 108.13
1435807949, 0, 0, 385, 385, 1, 8.24%, 0, 0, 2, 109.83
1435808169, 0, 0, 389, 389, 1, 8.25%, 0, 0, 2, 103.33
1435808559, 0, 0, 391, 391, 1, 8.25%, 0, 0, 2, 84.91
1435808569, 0, 0, 393, 393, 1, 8.25%, 0, 0, 2, 83.96
1435808574, 0, 0, 395, 395, 1, 8.25%, 0, 0, 2, 92.48
1435808579, 0, 0, 396, 396, 1, 8.25%, 0, 0, 2, 90.58
1435808589, 0, 0, 408, 408, 1, 8.29%, 0, 0, 2, 83.79
1435808594, 0, 0, 444, 444, 1, 8.31%, 0, 0, 2, 96.05
1435808600, 0, 0, 462, 462, 1, 8.32%, 0, 0, 2, 96.72
1435808605, 0, 0, 472, 472, 1, 8.33%, 0, 0, 2, 69.24
1435808610, 0, 0, 479, 479, 1, 8.33%, 0, 0, 2, 86.79
1435808615, 0, 0, 484, 484, 1, 8.34%, 0, 0, 2, 76.96
1435808620, 0, 0, 491, 491, 1, 8.35%, 0, 0, 2, 91.24
1435808625, 0, 0, 495, 495, 1, 8.36%, 0, 0, 2, 74.43
1435808630, 0, 0, 500, 500, 1, 8.36%, 0, 0, 2, 85.55
1435808635, 0, 0, 502, 502, 1, 8.37%, 0, 0, 2, 93.86
1435808641, 0, 0, 505, 505, 1, 8.37%, 0, 0, 2, 82.41
1435808646, 0, 0, 508, 508, 1, 8.37%, 0, 0, 2, 86.22
1435808651, 0, 0, 509, 509, 1, 8.37%, 0, 0, 2, 93.65
1435808656, 0, 0, 512, 512, 1, 8.37%, 0, 0, 2, 82.09
1435808661, 0, 0, 515, 515, 1, 8.38%, 0, 0, 2, 84.22
1435808666, 0, 0, 516, 516, 1, 8.38%, 0, 0, 2, 70.03
1435808671, 0, 0, 519, 519, 1, 8.38%, 0, 0, 2, 82.66
1435808677, 0, 0, 523, 523, 1, 8.38%, 0, 0, 2, 92.21
1435808682, 0, 0, 525, 525, 1, 8.38%, 0, 0, 2, 97.50
1435808687, 0, 0, 527, 527, 1, 8.38%, 0, 0, 2, 97.92
1435808692, 0, 0, 528, 528, 1, 8.38%, 0, 0, 2, 75.42
1435808697, 0, 0, 529, 529, 1, 8.38%, 0, 0, 2, 93.00
1435808707, 0, 0, 530, 530, 1, 8.38%, 0, 0, 2, 88.51
1435808733, 0, 0, 531, 531, 1, 8.38%, 0, 0, 2, 73.06
1435808743, 0, 0, 532, 532, 1, 8.38%, 0, 0, 2, 94.60
1435808749, 0, 0, 533, 533, 1, 8.38%, 0, 0, 2, 91.91
1435808764, 0, 0, 535, 535, 1, 8.39%, 0, 0, 2, 80.95
1435808779, 0, 0, 536, 536, 1, 8.39%, 0, 0, 2, 92.32
1435808795, 0, 0, 537, 537, 1, 8.39%, 0, 0, 2, 94.90
1435808805, 0, 0, 538, 538, 1, 8.39%, 0, 0, 2, 93.33
1435808810, 0, 0, 541, 541, 1, 8.39%, 0, 0, 2, 79.90
1435808826, 0, 0, 544, 544, 1, 8.39%, 0, 0, 2, 77.66
1435808841, 0, 0, 545, 545, 1, 8.39%, 0, 0, 2, 84.01
1435808846, 0, 0, 547, 547, 1, 8.40%, 0, 0, 2, 83.59
1435808851, 0, 0, 548, 548, 1, 8.40%, 0, 0, 2, 92.53
1435808857, 0, 0, 549, 549, 1, 8.40%, 0, 0, 2, 86.40
1435808872, 0, 0, 551, 551, 1, 8.40%, 0, 0, 2, 74.06
1435808882, 0, 0, 552, 552, 1, 8.40%, 0, 0, 2, 94.71
1435808887, 0, 0, 553, 553, 1, 8.40%, 0, 0, 2, 80.46
1435808893, 0, 0, 554, 554, 1, 8.40%, 0, 0, 2, 93.83
1435808898, 0, 0, 555, 555, 1, 8.40%, 0, 0, 2, 78.92
1435808929, 0, 0, 557, 557, 1, 8.40%, 0, 0, 2, 86.70
1435808954, 0, 0, 558, 558, 1, 8.42%, 0, 0, 2, 96.78
1435808975, 0, 0, 559, 559, 1, 8.42%, 0, 0, 2, 92.89
1435808985, 0, 0, 560, 560, 1, 8.42%, 0, 0, 2, 92.59
1435809011, 0, 0, 561, 561, 1, 8.42%, 0, 0, 2, 87.18
1435809027, 0, 0, 562, 562, 1, 8.42%, 0, 0, 2, 71.32
1435809032, 0, 0, 563, 563, 1, 8.42%, 0, 0, 2, 88.67
1435809037, 0, 0, 564, 564, 1, 8.42%, 0, 0, 2, 76.68
1435809052, 0, 0, 565, 565, 1, 8.42%, 0, 0, 2, 74.39
1435809073, 0, 0, 566, 566, 1, 8.42%, 0, 0, 2, 70.33
1435809104, 0, 0, 567, 567, 1, 8.42%, 0, 0, 2, 91.16
1435809129, 0, 0, 568, 568, 1, 8.42%, 0, 0, 2, 72.27
1435809150, 0, 0, 569, 569, 1, 8.42%, 0, 0, 2, 89.30
1435809155, 0, 0, 570, 570, 1, 8.42%, 0, 0, 2, 78.02
1435809165, 0, 0, 571, 571, 1, 8.42%, 0, 0, 2, 67.49
1435809180, 0, 0, 572, 572, 1, 8.43%, 0, 0, 2, 90.53
1435809216, 0, 0, 573, 573, 1, 8.43%, 0, 0, 2, 74.28
1435809232, 0, 0, 574, 574, 1, 8.43%, 0, 0, 2, 88.02
1435809247, 0, 0, 576, 576, 1, 8.43%, 0, 0, 2, 81.15
1435809283, 0, 0, 577, 577, 1, 8.43%, 0, 0, 2, 90.73
1435809288, 0, 0, 578, 578, 1, 8.43%, 0, 0, 2, 74.74
1435809299, 0, 0, 579, 579, 1, 8.43%, 0, 0, 2, 82.75
1435809314, 0, 0, 580, 580, 1, 8.43%, 0, 0, 2, 90.30
1435809335, 0, 0, 581, 581, 1, 8.43%, 0, 0, 2, 85.86
1435809366, 0, 0, 582, 582, 1, 8.43%, 0, 0, 2, 73.83
1435809396, 0, 0, 583, 583, 1, 8.43%, 0, 0, 2, 82.56
1435809412, 0, 0, 584, 584, 1, 8.43%, 0, 0, 2, 85.84
1435809505, 0, 0, 585, 585, 1, 8.43%, 0, 0, 2, 84.69
1435809515, 0, 0, 586, 586, 1, 8.43%, 0, 0, 2, 72.11
1435809582, 0, 0, 587, 587, 1, 8.43%, 0, 0, 2, 87.69
1435809618, 0, 0, 588, 588, 1, 8.43%, 0, 0, 2, 75.08
1435809669, 0, 0, 589, 589, 1, 8.43%, 0, 0, 2, 82.82
1435809674, 0, 0, 591, 591, 1, 8.44%, 0, 0, 2, 91.04
1435809700, 0, 0, 592, 592, 1, 8.44%, 0, 0, 2, 70.50
1435809715, 0, 0, 593, 593, 1, 8.44%, 0, 0, 2, 88.00
1435809767, 0, 0, 594, 594, 1, 8.44%, 0, 0, 2, 81.67
1435809792, 0, 0, 595, 595, 1, 8.44%, 0, 0, 2, 90.46
1435809802, 0, 0, 596, 596, 1, 8.44%, 0, 0, 2, 86.37
1435809828, 0, 0, 597, 597, 1, 8.44%, 0, 0, 2, 90.41
1435809849, 0, 0, 598, 598, 1, 8.44%, 0, 0, 2, 89.35
1435809870, 0, 0, 599, 599, 1, 8.44%, 0, 0, 2, 82.17
1435809875, 0, 0, 600, 600, 1, 8.44%, 0, 0, 2, 92.60
1435809900, 0, 0, 601, 601, 1, 8.44%, 0, 0, 2, 85.78
1435809906, 0, 0, 602, 602, 1, 8.44%, 0, 0, 2, 79.21
1435809952, 0, 0, 603, 603, 1, 8.44%, 0, 0, 2, 88.66
1435809962, 0, 0, 604, 604, 1, 8.44%, 0, 0, 2, 77.42
1435809993, 0, 0, 605, 605, 1, 8.45%, 0, 0, 2, 87.89
1435810096, 0, 0, 606, 606, 1, 8.45%, 0, 0, 2, 93.77
1435810132, 0, 0, 607, 607, 1, 8.45%, 0, 0, 2, 90.68
1435810142, 0, 0, 609, 609, 1, 8.45%, 0, 0, 2, 82.16
1435810266, 0, 0, 610, 610, 1, 8.45%, 0, 0, 2, 73.58
1435810343, 0, 0, 611, 611, 1, 8.45%, 0, 0, 2, 75.61
1435810368, 0, 0, 612, 612, 1, 8.45%, 0, 0, 2, 62.89
1435810384, 0, 0, 613, 613, 1, 8.45%, 0, 0, 2, 89.19
1435810394, 0, 0, 614, 614, 1, 8.45%, 0, 0, 2, 74.31
1435810415, 0, 0, 615, 615, 1, 8.45%, 0, 0, 2, 89.35
1435810430, 0, 0, 616, 616, 1, 8.45%, 0, 0, 2, 84.81
1435810512, 0, 0, 617, 617, 1, 8.45%, 0, 0, 2, 94.91
1435810533, 0, 0, 618, 618, 1, 8.45%, 0, 0, 2, 72.83
1435810548, 0, 5, 618, 617, 221, 8.45%, 0, 0, 2, 87.90
1435810872, 0, 6, 618, 616, 220, 8.45%, 0, 0, 2, 92.26
1435811139, 0, 6, 619, 617, 220, 8.45%, 0, 0, 3, 71.78
1435811227, 0, 7, 619, 616, 218, 8.45%, 0, 0, 3, 99.61
1435811232, 0, 7, 620, 617, 218, 8.45%, 0, 0, 3, 103.33
1435811751, 0, 7, 620, 617, 218, 8.45%, 0, 1, 3, 68.79
1435812975, 0, 7, 621, 618, 218, 8.45%, 0, 1, 3, 76.92
1435813114, 0, 10, 621, 617, 217, 8.45%, 0, 1, 3, 74.92
1435815002, 0, 15, 621, 616, 216, 8.45%, 0, 1, 3, 74.68
1435816701, 0, 15, 621, 616, 216, 8.45%, 0, 2, 3, 87.07
1435816819, 0, 16, 621, 615, 215, 8.45%, 0, 2, 3, 71.59
1435818553, 0, 18, 621, 614, 214, 8.45%, 0, 2, 3, 77.48
1435820361, 0, 21, 621, 613, 213, 8.45%, 0, 2, 3, 81.00
1435820372, 0, 21, 623, 615, 213, 8.45%, 0, 2, 3, 68.87
1435820454, 0, 21, 624, 616, 213, 8.45%, 0, 2, 3, 73.62
1435822189, 0, 22, 624, 615, 212, 8.45%, 0, 2, 3, 74.72
1435822581, 0, 22, 625, 616, 212, 8.45%, 0, 2, 3, 79.42
1435822612, 0, 22, 626, 617, 212, 8.45%, 0, 2, 3, 84.55
1435822725, 0, 22, 627, 618, 212, 8.45%, 0, 2, 3, 70.68
1435822787, 0, 22, 628, 619, 212, 8.45%, 0, 2, 3, 76.54
1435822931, 0, 22, 629, 620, 212, 8.46%, 0, 2, 3, 75.46
1435823261, 0, 22, 630, 621, 212, 8.46%, 0, 2, 3, 73.73
1435823266, 0, 22, 631, 622, 212, 8.46%, 0, 2, 3, 74.54
1435823333, 0, 22, 632, 623, 212, 8.46%, 0, 2, 3, 82.01
1435823410, 0, 22, 633, 624, 212, 8.46%, 0, 2, 3, 79.32
1435823457, 0, 22, 634, 625, 212, 8.46%, 0, 2, 3, 79.06
1435823478, 0, 22, 635, 626, 212, 8.46%, 0, 2, 3, 70.44
1435823591, 0, 22, 636, 627, 212, 8.46%, 0, 2, 3, 81.82
1435823684, 0, 22, 637, 628, 212, 8.46%, 0, 2, 3, 83.40
1435823951, 0, 22, 638, 629, 212, 8.46%, 0, 2, 3, 69.81
1435824008, 0, 22, 639, 630, 212, 8.46%, 0, 2, 3, 70.96
1435824219, 0, 22, 640, 631, 212, 8.46%, 0, 2, 3, 75.36
1435824436, 0, 22, 641, 632, 212, 8.46%, 0, 2, 3, 85.06
1435824487, 0, 22, 642, 633, 212, 8.46%, 0, 2, 3, 76.77
1435824601, 0, 27, 642, 632, 215, 8.46%, 0, 2, 3, 80.23
1435826431, 0, 34, 642, 631, 214, 8.46%, 0, 2, 3, 71.32
1435828249, 0, 34, 643, 632, 214, 8.46%, 0, 2, 3, 80.59
1435828326, 0, 36, 643, 631, 215, 8.46%, 0, 2, 3, 77.78
1435828424, 0, 36, 644, 632, 215, 8.47%, 0, 2, 3, 79.60
1435830160, 0, 44, 644, 631, 215, 8.47%, 0, 2, 3, 76.18
1435830253, 0, 44, 645, 632, 215, 8.47%, 0, 2, 3, 80.39
1435831989, 0, 45, 645, 631, 214, 8.47%, 0, 2, 3, 82.02
1435833813, 0, 46, 645, 630, 213, 8.47%, 0, 2, 3, 73.96
1435835636, 0, 53, 645, 629, 212, 8.47%, 0, 2, 3, 73.76
1435835647, 0, 53, 646, 630, 212, 8.47%, 0, 2, 3, 82.49
1435835652, 0, 53, 648, 632, 212, 8.47%, 0, 2, 3, 81.45
1435835734, 0, 53, 649, 633, 212, 8.47%, 0, 2, 3, 81.90
1435835976, 0, 53, 651, 635, 212, 8.47%, 0, 2, 3, 73.13
1435837459, 0, 57, 651, 634, 212, 8.47%, 0, 2, 3, 83.54
1435839281, 0, 58, 651, 633, 211, 8.47%, 0, 2, 3, 81.70
1435839292, 0, 58, 652, 634, 211, 8.47%, 0, 2, 3, 76.81
1435841038, 0, 58, 653, 635, 211, 8.48%, 0, 2, 3, 78.37
1435841126, 0, 58, 654, 636, 211, 8.48%, 0, 2, 3, 76.20
1435841291, 0, 60, 654, 635, 212, 8.48%, 0, 2, 3, 83.46
1435841301, 0, 60, 655, 636, 212, 8.48%, 0, 2, 3, 83.01
1435841388, 0, 60, 656, 637, 212, 8.49%, 0, 2, 3, 82.05
1435841630, 0, 60, 657, 638, 212, 8.49%, 0, 2, 3, 77.83
1435843104, 0, 61, 657, 637, 214, 8.49%, 0, 2, 3, 80.87
1435843114, 0, 61, 658, 638, 214, 8.49%, 0, 2, 3, 72.15
1435843284, 0, 61, 659, 639, 214, 8.50%, 0, 2, 3, 74.35
1435844916, 0, 63, 659, 638, 215, 8.50%, 0, 2, 3, 74.86
1435844927, 0, 63, 660, 639, 215, 8.51%, 0, 2, 3, 83.21
1435845102, 0, 63, 661, 640, 215, 8.51%, 0, 2, 3, 80.01
1435846777, 0, 64, 661, 639, 216, 8.51%, 0, 2, 3, 72.05
1435848768, 0, 65, 661, 638, 215, 8.51%, 0, 2, 3, 79.29
1435848783, 0, 65, 662, 639, 215, 8.51%, 0, 2, 3, 78.74
1435848824, 0, 65, 663, 640, 215, 8.51%, 0, 2, 3, 68.24
1435850674, 0, 65, 664, 641, 215, 8.51%, 0, 2, 3, 78.02
1435850679, 0, 65, 665, 642, 215, 8.51%, 0, 2, 3, 77.80
1435850788, 0, 65, 666, 643, 215, 8.51%, 0, 2, 3, 75.28
1435850839, 0, 65, 667, 644, 215, 8.51%, 0, 2, 3, 78.77
1435850994, 0, 65, 668, 645, 215, 8.51%, 0, 2, 3, 75.29
1435851313, 0, 65, 669, 646, 215, 8.51%, 0, 2, 3, 78.73
1435851586, 0, 65, 670, 647, 215, 8.51%, 0, 2, 3, 74.11
1435852003, 0, 65, 671, 648, 215, 8.52%, 0, 2, 3, 67.28
1435852075, 0, 65, 672, 649, 215, 8.52%, 0, 2, 3, 72.30
1435852179, 0, 65, 673, 650, 215, 8.52%, 0, 2, 3, 77.79
1435852246, 0, 65, 674, 651, 215, 8.52%, 0, 2, 3, 71.12
1435852272, 0, 67, 674, 650, 216, 8.52%, 0, 2, 3, 77.74
1435854190, 0, 70, 674, 649, 215, 8.52%, 0, 2, 3, 81.33
1435856113, 0, 83, 674, 648, 214, 8.52%, 0, 2, 3, 77.67
1435856695, 0, 84, 674, 647, 213, 8.52%, 0, 2, 3, 70.62
1435858547, 0, 84, 675, 648, 213, 8.53%, 0, 2, 3, 76.38
1435858671, 0, 84, 676, 649, 213, 8.53%, 0, 2, 3, 79.37
1435858815, 0, 86, 676, 648, 213, 8.53%, 0, 2, 3, 78.08
1435860717, 0, 86, 677, 649, 213, 8.53%, 0, 2, 3, 76.44
1435860799, 0, 90, 677, 648, 212, 8.53%, 0, 2, 3, 78.55
1435860819, 0, 90, 678, 649, 212, 8.53%, 0, 2, 3, 76.76
1435860835, 0, 90, 679, 650, 212, 8.53%, 0, 2, 3, 73.39
1435861190, 0, 90, 680, 651, 212, 8.53%, 0, 2, 3, 76.12
1435861195, 0, 90, 681, 652, 212, 8.53%, 0, 2, 3, 73.28
1435862782, 0, 94, 681, 651, 212, 8.53%, 0, 2, 3, 78.62
1435864700, 0, 97, 681, 650, 211, 8.53%, 0, 2, 3, 77.47
1435865086, 0, 97, 682, 651, 211, 8.53%, 0, 2, 3, 62.60
1435866628, 0, 98, 682, 650, 210, 8.53%, 0, 2, 3, 62.78
1435866643, 0, 98, 683, 651, 210, 8.53%, 0, 2, 3, 69.75
1435866834, 0, 98, 684, 652, 210, 8.53%, 0, 2, 3, 74.80
1435868591, 0, 98, 685, 653, 210, 8.53%, 0, 2, 3, 79.49
1435868638, 0, 98, 686, 654, 210, 8.53%, 0, 2, 3, 79.51
1435868885, 0, 98, 687, 655, 210, 8.53%, 0, 2, 3, 67.69
1435869050, 0, 98, 688, 656, 210, 8.53%, 0, 2, 3, 63.53
1435869101, 0, 98, 689, 657, 210, 8.53%, 0, 2, 3, 78.87
1435869210, 0, 98, 690, 658, 210, 8.53%, 0, 2, 3, 74.19
1435869395, 0, 98, 691, 659, 210, 8.53%, 0, 2, 3, 68.21
1435869457, 0, 98, 692, 660, 210, 8.53%, 0, 2, 3, 74.19
1435869591, 0, 98, 693, 661, 210, 8.54%, 0, 2, 3, 71.15
1435869808, 0, 98, 694, 662, 210, 8.54%, 0, 2, 3, 77.65
1435870065, 0, 98, 695, 663, 210, 8.54%, 0, 2, 3, 71.76
1435870107, 0, 98, 696, 664, 210, 8.54%, 0, 2, 3, 75.31
1435870117, 0, 98, 697, 665, 210, 8.55%, 0, 2, 3, 75.09
1435870138, 0, 101, 697, 664, 212, 8.55%, 0, 2, 3, 75.23
1435870158, 0, 101, 698, 665, 212, 8.55%, 0, 2, 3, 77.01
1435870524, 0, 101, 700, 667, 212, 8.55%, 0, 2, 3, 69.83
1435872076, 0, 104, 700, 666, 212, 8.55%, 0, 2, 3, 79.49
1435874008, 0, 105, 700, 665, 211, 8.55%, 0, 2, 3, 72.79
1435874054, 0, 105, 701, 666, 211, 8.55%, 0, 2, 3, 75.52
1435875997, 0, 110, 701, 665, 210, 8.55%, 0, 2, 3, 70.97
1435876018, 0, 110, 702, 666, 210, 8.55%, 0, 2, 3, 76.21
1435877884, 0, 110, 703, 667, 210, 8.55%, 0, 2, 3, 77.38
1435877955, 0, 110, 704, 668, 210, 8.55%, 0, 2, 3, 71.13
1435877971, 0, 110, 705, 669, 210, 8.55%, 0, 2, 3, 73.30
1435878079, 0, 110, 706, 670, 210, 8.55%, 0, 2, 3, 75.79
1435878187, 0, 110, 707, 671, 210, 8.55%, 0, 2, 3, 73.56
1435878326, 0, 110, 708, 672, 210, 8.55%, 0, 2, 3, 72.14
1435878739, 0, 110, 709, 673, 210, 8.55%, 0, 2, 3, 74.42
1435878944, 0, 110, 710, 674, 210, 8.55%, 0, 2, 3, 78.15
1435879011, 0, 110, 711, 675, 210, 8.56%, 0, 2, 3, 75.75
1435879243, 0, 110, 712, 676, 210, 8.56%, 0, 2, 3, 74.05
1435879367, 0, 110, 713, 677, 210, 8.56%, 0, 2, 3, 68.16
1435879429, 0, 110, 714, 678, 210, 8.56%, 0, 2, 3, 75.80
1435879512, 0, 112, 714, 677, 212, 8.56%, 0, 2, 3, 63.56
1435879548, 0, 112, 715, 678, 212, 8.56%, 0, 2, 3, 73.21
1435879553, 0, 112, 716, 679, 212, 8.56%, 0, 2, 3, 73.00
1435881479, 0, 112, 717, 680, 212, 8.56%, 0, 2, 3, 72.81
1435881484, 0, 112, 718, 681, 212, 8.56%, 0, 2, 3, 78.21
1435881814, 0, 114, 718, 680, 212, 8.56%, 0, 2, 3, 77.05
1435881829, 0, 114, 719, 681, 212, 8.56%, 0, 2, 3, 77.04
1435881834, 0, 114, 720, 682, 212, 8.56%, 0, 2, 3, 77.15
1435883755, 0, 115, 720, 681, 212, 8.56%, 0, 2, 3, 76.31
1435883796, 0, 115, 721, 682, 212, 8.56%, 0, 2, 3, 61.81
1435885899, 0, 117, 721, 681, 211, 8.56%, 0, 2, 3, 63.70
1435887519, 0, 117, 721, 681, 211, 8.56%, 0, 3, 3, 38.61
1435887524, 0, 117, 721, 681, 211, 8.56%, 0, 5, 3, 42.60
1435887529, 0, 117, 721, 681, 211, 8.56%, 0, 6, 3, 53.67
1435887534, 0, 117, 721, 681, 211, 8.56%, 0, 7, 3, 47.51
1435888201, 0, 118, 721, 680, 210, 8.56%, 0, 7, 3, 62.98
1435889335, 0, 118, 721, 680, 210, 8.56%, 0, 8, 3, 45.12
1435889574, 0, 118, 721, 680, 210, 8.56%, 0, 9, 3, 49.36
1435890625, 0, 126, 721, 679, 209, 8.56%, 0, 9, 3, 51.32
1435890778, 0, 126, 722, 680, 209, 8.60%, 0, 9, 3, 59.30
