# unix_time, cycles_done, cur_path, paths_total, pending_total, pending_favs, map_size, unique_crashes, unique_hangs, max_depth, execs_per_sec
1437604725, 0, 0, 259, 259, 36, 7.09%, 0, 0, 1, 247.57
1437604730, 0, 0, 260, 260, 36, 7.14%, 0, 0, 2, 245.02
1437604735, 0, 0, 261, 261, 36, 7.14%, 0, 0, 2, 243.83
1437604750, 0, 0, 262, 262, 36, 7.14%, 0, 0, 2, 244.19
1437604755, 0, 0, 263, 263, 36, 7.17%, 0, 0, 2, 242.62
1437604801, 0, 0, 264, 264, 36, 7.17%, 0, 0, 2, 241.00
1437604816, 0, 0, 265, 265, 36, 7.21%, 0, 0, 2, 242.60
1437604821, 0, 0, 266, 266, 36, 7.21%, 0, 0, 2, 240.30
1437604826, 0, 0, 267, 267, 36, 7.23%, 0, 0, 2, 242.24
1437604851, 0, 0, 268, 268, 36, 7.23%, 0, 0, 2, 240.11
1437604867, 0, 0, 269, 269, 36, 7.23%, 0, 0, 2, 242.67
1437604882, 0, 0, 271, 271, 36, 7.75%, 0, 0, 2, 239.54
1437604892, 0, 0, 272, 272, 36, 7.81%, 0, 0, 2, 241.24
1437604912, 0, 0, 273, 273, 36, 7.81%, 0, 0, 2, 239.99
1437604948, 0, 0, 274, 274, 36, 7.82%, 0, 0, 2, 244.77
1437604968, 0, 0, 275, 275, 36, 7.83%, 0, 0, 2, 241.33
1437605018, 0, 0, 276, 276, 36, 7.84%, 0, 0, 2, 242.31
1437605064, 0, 0, 277, 277, 36, 7.88%, 0, 0, 2, 243.50
1437605089, 0, 0, 278, 278, 36, 8.23%, 0, 0, 2, 241.39
1437605155, 0, 0, 279, 279, 36, 8.23%, 0, 0, 2, 245.80
1437605256, 0, 0, 280, 280, 36, 8.31%, 0, 0, 2, 243.45
1437605271, 0, 0, 281, 281, 36, 8.32%, 0, 0, 2, 243.82
1437605306, 0, 0, 282, 282, 36, 8.32%, 0, 0, 2, 244.75
1437605311, 0, 0, 283, 283, 36, 8.33%, 0, 0, 2, 245.60
1437605336, 0, 0, 284, 284, 36, 8.33%, 0, 0, 2, 245.59
1437605392, 0, 5, 287, 286, 55, 8.36%, 0, 0, 2, 289.58
1437605397, 0, 5, 290, 289, 55, 8.40%, 0, 0, 2, 316.58
1437605402, 0, 5, 292, 291, 55, 8.44%, 0, 0, 2, 326.91
1437605407, 0, 5, 295, 294, 55, 8.45%, 0, 0, 2, 308.62
1437605412, 0, 5, 295, 294, 55, 8.45%, 0, 1, 2, 321.72
1437605417, 0, 5, 296, 295, 55, 8.45%, 0, 1, 2, 312.35
1437605427, 0, 5, 300, 299, 55, 8.51%, 0, 1, 2, 304.83
1437605432, 0, 5, 305, 304, 55, 8.52%, 0, 1, 2, 307.26
1437605437, 0, 5, 318, 317, 55, 8.53%, 0, 1, 2, 290.59
1437605443, 0, 5, 329, 328, 55, 8.53%, 0, 1, 2, 286.36
1437605448, 0, 5, 337, 336, 55, 8.55%, 0, 1, 2, 285.33
1437605453, 0, 5, 346, 345, 55, 8.55%, 0, 1, 2, 279.25
1437605458, 0, 5, 348, 347, 55, 8.55%, 0, 1, 2, 281.64
1437605463, 0, 5, 350, 349, 55, 8.55%, 0, 1, 2, 286.66
1437605468, 0, 5, 352, 351, 55, 8.55%, 0, 1, 2, 282.98
1437605473, 0, 5, 357, 356, 55, 8.55%, 0, 1, 2, 275.66
1437605478, 0, 5, 358, 357, 55, 8.55%, 0, 1, 2, 275.75
1437605483, 0, 5, 362, 361, 55, 8.55%, 0, 1, 2, 283.52
1437605489, 0, 5, 366, 365, 55, 8.55%, 0, 1, 2, 276.46
1437605494, 0, 5, 371, 370, 55, 8.55%, 0, 1, 2, 278.46
1437605499, 0, 5, 377, 376, 55, 8.56%, 0, 1, 2, 280.45
1437605504, 0, 5, 378, 377, 55, 8.56%, 0, 1, 2, 280.79
1437605509, 0, 5, 380, 379, 55, 8.56%, 0, 1, 2, 280.96
1437605514, 0, 5, 385, 384, 55, 8.56%, 0, 1, 2, 278.44
1437605519, 0, 5, 390, 389, 55, 8.56%, 0, 1, 2, 271.54
1437605525, 0, 5, 394, 393, 55, 8.56%, 0, 1, 2, 278.81
1437605530, 0, 5, 396, 395, 55, 8.56%, 0, 1, 2, 282.16
1437605535, 0, 5, 400, 399, 55, 8.57%, 0, 1, 2, 279.07
1437605540, 0, 5, 402, 401, 55, 8.57%, 0, 1, 2, 278.13
1437605545, 0, 5, 404, 403, 55, 8.58%, 0, 1, 2, 280.44
1437605550, 0, 5, 406, 405, 55, 8.58%, 0, 1, 2, 282.84
1437605556, 0, 5, 409, 408, 55, 8.58%, 0, 1, 2, 282.50
1437605561, 0, 5, 410, 409, 55, 8.58%, 0, 1, 2, 278.20
1437605566, 0, 5, 414, 413, 55, 8.58%, 0, 1, 2, 280.30
1437605571, 0, 5, 417, 416, 55, 8.58%, 0, 1, 2, 277.10
1437605576, 0, 5, 418, 417, 55, 8.58%, 0, 1, 2, 280.10
1437605581, 0, 5, 419, 418, 55, 8.58%, 0, 1, 2, 284.81
1437605586, 0, 5, 422, 421, 55, 8.59%, 0, 1, 2, 277.60
1437605591, 0, 5, 423, 422, 55, 8.60%, 0, 1, 2, 278.46
1437605596, 0, 5, 425, 424, 55, 8.60%, 0, 1, 2, 281.78
1437605602, 0, 5, 427, 426, 55, 8.60%, 0, 1, 2, 281.79
1437605617, 0, 5, 429, 428, 55, 8.60%, 0, 1, 2, 276.45
1437605627, 0, 5, 430, 429, 55, 8.60%, 0, 1, 2, 282.85
1437605637, 0, 5, 431, 430, 55, 8.60%, 0, 1, 2, 307.77
1437605652, 0, 5, 432, 431, 55, 8.60%, 0, 1, 2, 311.73
1437605657, 0, 5, 436, 435, 55, 8.60%, 0, 1, 2, 315.85
1437605662, 0, 5, 439, 438, 55, 8.60%, 0, 1, 2, 313.34
1437605668, 0, 5, 442, 441, 55, 8.60%, 0, 1, 2, 313.77
1437605673, 0, 5, 443, 442, 55, 8.60%, 0, 1, 2, 309.73
1437605678, 0, 5, 444, 443, 55, 8.60%, 0, 1, 2, 308.15
1437605683, 0, 5, 445, 444, 55, 8.60%, 0, 1, 2, 314.81
1437605688, 0, 5, 447, 446, 55, 8.62%, 0, 1, 2, 309.40
1437605693, 0, 5, 448, 447, 55, 8.62%, 0, 1, 2, 312.55
1437605698, 0, 5, 451, 450, 55, 8.62%, 0, 1, 2, 307.34
1437605708, 0, 5, 452, 451, 55, 8.63%, 0, 1, 2, 309.49
1437605713, 0, 5, 454, 453, 55, 8.63%, 0, 1, 2, 308.63
1437605718, 0, 5, 455, 454, 55, 8.63%, 0, 1, 2, 309.96
1437605723, 0, 5, 457, 456, 55, 8.63%, 0, 1, 2, 307.97
1437605728, 0, 5, 459, 458, 55, 8.63%, 0, 1, 2, 307.81
1437605733, 0, 5, 460, 459, 55, 8.63%, 0, 1, 2, 312.10
1437605738, 0, 5, 463, 462, 55, 8.63%, 0, 1, 2, 312.65
1437605744, 0, 5, 464, 463, 55, 8.63%, 0, 1, 2, 315.07
1437605749, 0, 5, 466, 465, 55, 8.64%, 0, 1, 2, 307.94
1437605754, 0, 5, 468, 467, 55, 8.64%, 0, 1, 2, 311.76
1437605759, 0, 5, 470, 469, 55, 8.64%, 0, 1, 2, 315.65
1437605769, 0, 5, 471, 470, 55, 8.64%, 0, 1, 2, 313.74
1437605779, 0, 5, 472, 471, 55, 8.64%, 0, 1, 2, 314.36
1437605784, 0, 5, 474, 473, 55, 8.64%, 0, 1, 2, 315.42
1437605789, 0, 5, 475, 474, 55, 8.64%, 0, 1, 2, 317.01
1437605794, 0, 5, 476, 475, 55, 8.64%, 0, 1, 2, 318.51
1437605799, 0, 5, 479, 478, 55, 8.90%, 0, 1, 2, 316.27
1437605804, 0, 5, 480, 479, 55, 8.91%, 0, 1, 2, 311.29
1437605809, 0, 5, 481, 480, 55, 8.91%, 0, 1, 2, 311.78
1437605815, 0, 5, 484, 483, 55, 8.91%, 0, 1, 2, 308.95
1437605820, 0, 5, 485, 484, 55, 8.92%, 0, 1, 2, 314.16
1437605825, 0, 5, 486, 485, 55, 8.92%, 0, 1, 2, 315.86
1437605840, 0, 5, 487, 486, 55, 8.92%, 0, 1, 2, 306.87
1437605845, 0, 5, 489, 488, 55, 8.92%, 0, 1, 2, 310.11
1437605855, 0, 5, 490, 489, 55, 8.92%, 0, 1, 2, 317.91
1437605880, 0, 5, 491, 490, 55, 8.92%, 0, 1, 2, 316.64
1437605885, 0, 5, 492, 491, 55, 8.92%, 0, 1, 2, 312.86
1437605890, 0, 5, 494, 493, 55, 8.92%, 0, 1, 2, 309.56
1437605895, 0, 5, 495, 494, 55, 8.92%, 0, 1, 2, 319.25
1437605906, 0, 5, 496, 495, 55, 8.92%, 0, 1, 2, 313.38
1437605911, 0, 5, 498, 497, 55, 8.92%, 0, 1, 2, 307.62
1437605916, 0, 5, 501, 500, 55, 8.92%, 0, 1, 2, 311.16
1437605931, 0, 5, 502, 501, 55, 8.92%, 0, 1, 2, 317.09
1437605952, 0, 5, 503, 502, 55, 8.92%, 0, 1, 2, 313.64
1437605957, 0, 5, 504, 503, 55, 8.92%, 0, 1, 2, 308.59
1437605967, 0, 5, 507, 506, 55, 8.93%, 0, 1, 2, 313.32
1437605972, 0, 5, 508, 507, 55, 8.93%, 0, 1, 2, 313.93
1437605977, 0, 15, 509, 507, 84, 8.93%, 0, 1, 2, 344.15
1437605992, 0, 15, 510, 508, 84, 8.93%, 0, 1, 2, 307.07
1437605998, 0, 15, 511, 509, 84, 8.93%, 0, 1, 2, 293.11
1437606008, 0, 15, 512, 510, 84, 8.98%, 0, 1, 2, 281.81
1437606018, 0, 15, 513, 511, 84, 8.98%, 0, 1, 2, 287.09
1437606054, 0, 15, 514, 512, 84, 8.98%, 0, 1, 2, 283.43
1437606136, 0, 15, 515, 513, 84, 8.98%, 0, 1, 2, 282.44
1437606233, 0, 15, 516, 514, 84, 8.98%, 0, 1, 2, 285.86
1437606275, 0, 15, 517, 515, 84, 8.98%, 0, 1, 2, 286.72
1437606372, 0, 15, 518, 516, 84, 8.98%, 0, 1, 2, 279.80
1437606393, 0, 15, 519, 517, 84, 8.99%, 0, 1, 2, 286.28
1437606423, 0, 15, 520, 518, 84, 8.99%, 0, 1, 2, 277.35
1437606504, 0, 15, 521, 519, 84, 9.00%, 0, 1, 2, 276.30
1437606514, 0, 15, 522, 520, 84, 9.01%, 0, 1, 2, 274.23
1437606555, 0, 20, 522, 519, 89, 9.01%, 0, 1, 2, 293.11
1437606601, 0, 20, 523, 520, 89, 9.01%, 0, 1, 2, 339.49
1437606611, 0, 20, 524, 521, 89, 9.01%, 0, 1, 2, 297.53
1437606621, 0, 20, 526, 523, 89, 9.01%, 0, 1, 2, 287.26
1437606631, 0, 20, 527, 524, 89, 9.01%, 0, 1, 2, 295.17
1437606642, 0, 20, 528, 525, 89, 9.03%, 0, 1, 2, 288.47
1437606662, 0, 20, 529, 526, 89, 9.04%, 0, 1, 2, 309.89
1437606708, 0, 20, 530, 527, 89, 9.04%, 0, 1, 2, 303.58
1437606718, 0, 20, 532, 529, 89, 9.04%, 0, 1, 2, 307.90
1437606728, 0, 20, 533, 530, 89, 9.04%, 0, 1, 2, 304.91
1437606738, 0, 20, 534, 531, 89, 9.04%, 0, 1, 2, 304.77
1437606758, 0, 20, 535, 532, 89, 9.04%, 0, 1, 2, 306.90
1437606763, 0, 20, 536, 533, 89, 9.04%, 0, 1, 2, 303.35
1437606789, 0, 20, 538, 535, 89, 9.04%, 0, 1, 2, 302.31
1437606804, 0, 20, 539, 536, 89, 9.04%, 0, 1, 2, 304.86
1437606814, 0, 20, 540, 537, 89, 9.04%, 0, 1, 2, 305.27
1437606824, 0, 20, 541, 538, 89, 9.04%, 0, 1, 2, 305.30
1437606829, 0, 20, 542, 539, 89, 9.04%, 0, 1, 2, 307.67
1437606844, 0, 20, 543, 540, 89, 9.04%, 0, 1, 2, 305.63
1437606849, 0, 20, 545, 542, 89, 9.25%, 0, 1, 2, 305.96
1437606885, 0, 20, 546, 543, 89, 9.30%, 0, 1, 2, 308.51
1437606915, 0, 20, 547, 544, 89, 9.30%, 0, 1, 2, 307.63
1437606925, 0, 20, 548, 545, 89, 9.30%, 0, 1, 2, 306.30
1437606976, 0, 20, 549, 546, 89, 9.30%, 0, 1, 2, 299.49
1437606981, 0, 20, 551, 548, 89, 9.32%, 0, 1, 2, 308.98
1437607067, 0, 20, 552, 549, 89, 9.32%, 0, 1, 2, 307.50
1437607143, 0, 23, 552, 548, 97, 9.32%, 0, 1, 2, 301.23
1437607163, 0, 23, 555, 551, 97, 9.32%, 0, 1, 2, 312.63
1437607188, 0, 23, 556, 552, 97, 9.32%, 0, 1, 2, 280.93
1437607224, 0, 23, 557, 553, 97, 9.33%, 0, 1, 2, 286.88
1437607250, 0, 23, 559, 555, 97, 9.33%, 0, 1, 2, 283.25
1437607255, 0, 23, 561, 557, 97, 9.33%, 0, 1, 2, 277.80
1437607260, 0, 23, 564, 560, 97, 9.33%, 0, 1, 2, 271.40
1437607265, 0, 23, 567, 563, 97, 9.33%, 0, 1, 2, 269.02
1437607270, 0, 23, 570, 566, 97, 9.33%, 0, 1, 2, 272.44
1437607280, 0, 23, 572, 568, 97, 9.33%, 0, 1, 2, 278.15
1437607285, 0, 23, 573, 569, 97, 9.33%, 0, 1, 2, 278.34
1437607290, 0, 23, 577, 573, 97, 9.33%, 0, 1, 2, 269.92
1437607295, 0, 23, 579, 575, 97, 9.33%, 0, 1, 2, 277.56
1437607300, 0, 23, 582, 578, 97, 9.33%, 0, 1, 2, 279.27
1437607305, 0, 23, 584, 580, 97, 9.33%, 0, 1, 2, 269.87
1437607310, 0, 23, 585, 581, 97, 9.33%, 0, 1, 2, 268.59
1437607316, 0, 23, 586, 582, 97, 9.33%, 0, 1, 2, 272.62
1437607321, 0, 23, 587, 583, 97, 9.33%, 0, 1, 2, 273.93
1437607326, 0, 23, 589, 585, 97, 9.33%, 0, 1, 2, 273.17
1437607336, 0, 23, 592, 588, 97, 9.33%, 0, 1, 2, 274.22
1437607341, 0, 23, 596, 592, 97, 9.33%, 0, 1, 2, 268.91
1437607346, 0, 23, 599, 595, 97, 9.33%, 0, 1, 2, 274.42
1437607356, 0, 23, 600, 596, 97, 9.33%, 0, 1, 2, 273.97
1437607361, 0, 23, 601, 597, 97, 9.33%, 0, 1, 2, 267.99
1437607366, 0, 23, 602, 598, 97, 9.33%, 0, 1, 2, 271.03
1437607371, 0, 23, 604, 600, 97, 9.33%, 0, 1, 2, 266.34
1437607382, 0, 23, 605, 601, 97, 9.33%, 0, 1, 2, 275.83
1437607387, 0, 23, 606, 602, 97, 9.33%, 0, 1, 2, 275.07
1437607412, 0, 23, 608, 604, 97, 9.33%, 0, 1, 2, 269.85
1437607417, 0, 23, 610, 606, 97, 9.33%, 0, 1, 2, 275.79
1437607422, 0, 23, 611, 607, 97, 9.33%, 0, 1, 2, 274.41
1437607427, 0, 23, 612, 608, 97, 9.33%, 0, 1, 2, 273.79
1437607437, 0, 23, 613, 609, 97, 9.33%, 0, 1, 2, 277.64
1437607442, 0, 23, 616, 612, 97, 9.33%, 0, 1, 2, 267.41
1437607447, 0, 23, 617, 613, 97, 9.33%, 0, 1, 2, 273.70
1437607457, 0, 23, 618, 614, 97, 9.33%, 0, 1, 2, 275.29
1437607468, 0, 23, 619, 615, 97, 9.33%, 0, 1, 2, 277.78
1437607473, 0, 23, 621, 617, 97, 9.33%, 0, 1, 2, 298.64
1437607493, 0, 23, 622, 618, 97, 9.33%, 0, 1, 2, 301.94
1437607528, 0, 23, 624, 620, 97, 9.33%, 0, 1, 2, 290.43
1437607534, 0, 23, 625, 621, 97, 9.33%, 0, 1, 2, 289.32
1437607559, 0, 23, 627, 623, 97, 9.33%, 0, 1, 2, 287.11
1437607570, 0, 23, 628, 624, 97, 9.33%, 0, 1, 2, 296.18
1437607580, 0, 23, 629, 625, 97, 9.33%, 0, 1, 2, 290.93
1437607590, 0, 23, 631, 627, 97, 9.33%, 0, 1, 2, 288.34
1437607606, 0, 23, 632, 628, 97, 9.34%, 0, 1, 2, 287.62
1437607621, 0, 23, 633, 629, 97, 9.34%, 0, 1, 2, 296.59
1437607626, 0, 23, 634, 630, 97, 9.34%, 0, 1, 2, 295.13
1437607662, 0, 23, 635, 631, 97, 9.34%, 0, 1, 2, 291.27
1437607719, 0, 23, 636, 632, 97, 9.34%, 0, 1, 2, 294.77
1437607739, 0, 23, 637, 633, 97, 9.34%, 0, 1, 2, 293.10
1437607745, 0, 23, 638, 634, 97, 9.34%, 0, 1, 2, 297.14
1437607750, 0, 23, 639, 635, 97, 9.34%, 0, 1, 2, 303.47
1437607765, 0, 23, 640, 636, 97, 9.34%, 0, 1, 2, 311.24
1437607801, 0, 23, 641, 637, 97, 9.34%, 0, 1, 2, 309.48
1437607806, 0, 28, 641, 636, 103, 9.34%, 0, 1, 2, 312.63
1437607826, 0, 53, 641, 635, 102, 9.34%, 0, 1, 2, 285.65
1437607877, 0, 63, 646, 639, 101, 9.34%, 0, 1, 2, 335.98
1437607893, 0, 63, 651, 644, 101, 9.34%, 0, 1, 2, 355.24
1437607908, 0, 63, 652, 645, 101, 9.34%, 0, 1, 2, 357.34
1437607933, 0, 63, 653, 646, 101, 9.34%, 0, 1, 2, 343.55
1437607964, 0, 63, 654, 647, 101, 9.39%, 0, 1, 2, 310.67
1437607969, 0, 63, 655, 648, 101, 9.39%, 0, 1, 2, 305.36
1437607974, 0, 63, 656, 649, 101, 9.39%, 0, 1, 2, 306.72
1437607984, 0, 63, 657, 650, 101, 9.39%, 0, 1, 2, 306.83
1437608030, 0, 63, 658, 651, 101, 9.39%, 0, 1, 2, 287.72
1437608040, 0, 63, 659, 652, 101, 9.43%, 0, 1, 2, 295.21
1437608071, 0, 63, 660, 653, 101, 9.44%, 0, 1, 2, 295.03
1437608076, 0, 63, 661, 654, 101, 9.44%, 0, 1, 2, 295.47
1437608162, 0, 63, 662, 655, 101, 9.44%, 0, 1, 2, 295.15
1437608168, 0, 63, 663, 656, 101, 9.44%, 0, 1, 2, 292.82
1437608173, 0, 63, 664, 657, 101, 9.44%, 0, 1, 2, 295.26
1437608183, 0, 63, 665, 658, 101, 9.44%, 0, 1, 2, 292.80
1437608213, 0, 63, 666, 659, 101, 9.44%, 0, 1, 2, 305.45
1437608254, 0, 63, 667, 660, 101, 9.44%, 0, 1, 2, 310.98
1437608289, 0, 63, 668, 661, 101, 9.44%, 0, 1, 2, 310.74
1437608325, 0, 63, 669, 662, 101, 9.44%, 0, 1, 2, 308.28
1437608421, 0, 63, 670, 663, 101, 9.44%, 0, 1, 2, 308.54
1437608432, 0, 63, 671, 664, 101, 9.44%, 0, 1, 2, 306.03
1437608442, 0, 63, 672, 665, 101, 9.44%, 0, 1, 2, 307.51
1437608452, 0, 63, 673, 666, 101, 9.44%, 0, 1, 2, 308.37
1437608472, 0, 63, 674, 667, 101, 9.44%, 0, 1, 2, 307.80
1437608487, 0, 63, 675, 668, 101, 9.44%, 0, 1, 2, 303.54
1437608492, 0, 107, 676, 668, 104, 9.44%, 0, 1, 2, 239.72
1437608502, 0, 107, 676, 668, 104, 9.44%, 0, 2, 2, 214.20
1437608512, 0, 107, 678, 670, 104, 9.44%, 0, 2, 2, 225.14
1437608517, 0, 107, 679, 671, 104, 9.46%, 0, 2, 2, 231.22
1437608523, 0, 107, 684, 676, 104, 9.46%, 0, 2, 2, 245.49
1437608543, 0, 107, 685, 677, 104, 9.46%, 0, 4, 2, 210.99
1437608548, 0, 107, 685, 677, 104, 9.46%, 0, 7, 2, 165.14
1437608579, 0, 107, 686, 678, 104, 9.46%, 0, 7, 2, 249.36
1437608604, 0, 107, 687, 679, 104, 9.46%, 0, 7, 2, 250.30
1437608609, 0, 107, 688, 680, 104, 9.46%, 0, 7, 2, 253.49
1437608614, 0, 107, 689, 681, 104, 9.46%, 0, 7, 2, 254.29
1437608644, 0, 107, 690, 682, 104, 9.46%, 0, 7, 2, 248.54
1437608649, 0, 107, 691, 683, 104, 9.46%, 0, 7, 2, 247.57
1437608670, 0, 107, 692, 684, 104, 9.47%, 0, 7, 2, 258.32
1437608680, 0, 107, 693, 685, 104, 9.47%, 0, 7, 2, 251.44
1437608690, 0, 107, 694, 686, 104, 9.47%, 0, 7, 2, 250.05
1437608710, 0, 107, 695, 687, 104, 9.47%, 0, 7, 2, 249.40
1437608730, 0, 107, 696, 688, 104, 9.47%, 0, 7, 2, 255.52
1437608771, 0, 107, 697, 689, 104, 9.50%, 0, 7, 2, 250.94
1437608791, 0, 107, 698, 690, 104, 9.50%, 0, 7, 2, 252.14
1437608826, 0, 107, 699, 691, 104, 9.50%, 0, 7, 2, 256.99
1437608847, 0, 107, 700, 692, 104, 9.50%, 0, 7, 2, 253.96
1437608872, 0, 107, 701, 693, 104, 9.50%, 0, 7, 2, 248.83
1437608908, 0, 107, 702, 694, 104, 9.50%, 0, 7, 2, 250.79
1437608918, 0, 107, 703, 695, 104, 9.50%, 0, 7, 2, 250.32
1437608989, 0, 107, 704, 696, 104, 9.50%, 0, 7, 2, 249.33
1437609024, 0, 107, 705, 697, 104, 9.50%, 0, 7, 2, 249.48
1437609065, 0, 107, 706, 698, 104, 9.52%, 0, 7, 2, 249.26
1437609141, 0, 107, 707, 699, 104, 9.61%, 0, 7, 2, 274.67
1437609151, 0, 107, 708, 700, 104, 9.61%, 0, 7, 2, 274.09
1437609156, 0, 107, 709, 701, 104, 9.61%, 0, 7, 2, 279.50
1437609167, 0, 107, 710, 702, 104, 9.61%, 0, 7, 2, 278.84
1437609182, 0, 107, 711, 703, 104, 9.61%, 0, 7, 2, 281.44
1437609192, 0, 109, 711, 702, 109, 9.61%, 0, 7, 2, 192.73
1437609197, 0, 109, 714, 705, 109, 9.61%, 0, 8, 2, 188.42
1437609202, 0, 109, 715, 706, 109, 9.61%, 0, 8, 2, 196.09
1437609233, 0, 109, 716, 707, 109, 9.61%, 0, 8, 2, 208.62
1437609238, 0, 109, 722, 713, 109, 9.61%, 0, 8, 2, 212.07
1437609243, 0, 109, 723, 714, 109, 9.61%, 0, 8, 2, 218.63
1437609248, 0, 109, 724, 715, 109, 9.61%, 0, 8, 2, 216.90
1437609253, 0, 109, 726, 717, 109, 9.61%, 0, 9, 2, 229.18
1437609273, 0, 109, 726, 717, 109, 9.61%, 0, 10, 2, 245.58
1437609288, 0, 109, 726, 717, 109, 9.61%, 0, 11, 2, 219.59
1437609304, 0, 109, 730, 721, 109, 9.62%, 0, 11, 2, 239.39
1437609309, 0, 109, 732, 723, 109, 9.64%, 0, 11, 2, 256.78
1437609314, 0, 109, 734, 725, 109, 9.64%, 0, 11, 2, 261.82
1437609319, 0, 109, 738, 729, 109, 9.65%, 0, 11, 2, 266.26
1437609329, 0, 109, 740, 731, 109, 9.65%, 0, 11, 2, 266.60
1437609334, 0, 109, 740, 731, 109, 9.65%, 0, 13, 2, 277.34
1437609339, 0, 109, 742, 733, 109, 9.66%, 0, 13, 2, 266.66
1437609349, 0, 109, 744, 735, 109, 9.66%, 0, 13, 2, 268.90
1437609355, 0, 109, 746, 737, 109, 9.66%, 0, 13, 2, 271.68
1437609365, 0, 109, 747, 738, 109, 9.66%, 0, 13, 2, 267.56
1437609375, 0, 109, 748, 739, 109, 9.66%, 0, 13, 2, 267.76
1437609380, 0, 109, 750, 741, 109, 9.66%, 0, 13, 2, 267.03
1437609385, 0, 109, 752, 743, 109, 9.66%, 0, 13, 2, 260.44
1437609390, 0, 109, 753, 744, 109, 9.66%, 0, 13, 2, 264.70
1437609401, 0, 109, 755, 746, 109, 9.66%, 0, 13, 2, 267.45
1437609406, 0, 109, 756, 747, 109, 9.66%, 0, 13, 2, 269.10
1437609416, 0, 109, 758, 749, 109, 9.66%, 0, 14, 2, 269.02
1437609431, 0, 109, 759, 750, 109, 9.66%, 0, 14, 2, 269.68
1437609451, 0, 109, 759, 750, 109, 9.66%, 0, 15, 2, 240.32
1437609456, 0, 109, 760, 751, 109, 9.66%, 0, 15, 2, 261.46
1437609462, 0, 109, 761, 752, 109, 9.66%, 0, 15, 2, 264.81
1437609477, 0, 109, 763, 754, 109, 9.67%, 0, 15, 2, 265.38
1437609482, 0, 109, 765, 756, 109, 9.67%, 0, 15, 2, 273.10
1437609487, 0, 109, 766, 757, 109, 9.67%, 0, 15, 2, 269.70
1437609507, 0, 109, 767, 758, 109, 9.67%, 0, 15, 2, 264.42
1437609532, 0, 109, 768, 759, 109, 9.67%, 0, 15, 2, 265.12
1437609537, 0, 109, 769, 760, 109, 9.67%, 0, 15, 2, 262.19
1437609553, 0, 109, 770, 761, 109, 9.67%, 0, 15, 2, 264.88
1437609558, 0, 109, 772, 763, 109, 9.67%, 0, 15, 2, 253.35
1437609573, 0, 109, 774, 765, 109, 9.67%, 0, 15, 2, 260.46
1437609583, 0, 109, 774, 765, 109, 9.67%, 0, 16, 2, 265.27
1437609594, 0, 109, 775, 766, 109, 9.67%, 0, 16, 2, 267.96
1437609614, 0, 109, 775, 766, 109, 9.67%, 0, 17, 2, 259.69
1437609619, 0, 109, 776, 767, 109, 9.67%, 0, 17, 2, 261.29
1437609624, 0, 109, 777, 768, 109, 9.67%, 0, 17, 2, 265.11
1437609639, 0, 109, 778, 769, 109, 9.67%, 0, 17, 2, 264.56
1437609645, 0, 109, 779, 770, 109, 9.67%, 0, 17, 2, 258.71
1437609655, 0, 109, 782, 773, 109, 9.67%, 0, 17, 2, 263.09
1437609665, 0, 109, 783, 774, 109, 9.67%, 0, 18, 2, 262.81
1437609705, 0, 109, 784, 775, 109, 9.67%, 0, 18, 2, 267.33
1437609726, 0, 109, 785, 776, 109, 9.67%, 0, 18, 2, 268.54
1437609736, 0, 109, 787, 778, 109, 9.68%, 0, 18, 2, 264.63
1437609751, 0, 109, 788, 779, 109, 9.68%, 0, 18, 2, 269.72
1437609761, 0, 109, 789, 780, 109, 9.68%, 0, 18, 2, 266.40
1437609777, 0, 109, 790, 781, 109, 9.69%, 0, 18, 2, 266.35
1437609782, 0, 109, 791, 782, 109, 9.69%, 0, 18, 2, 262.94
1437609812, 0, 109, 793, 784, 109, 9.82%, 0, 18, 2, 264.57
1437609832, 0, 109, 795, 786, 109, 9.83%, 0, 18, 2, 265.86
1437609837, 0, 109, 796, 787, 109, 9.83%, 0, 18, 2, 268.49
1437609842, 0, 109, 797, 788, 109, 9.83%, 0, 18, 2, 266.67
1437609883, 0, 109, 798, 789, 109, 9.83%, 0, 18, 2, 265.75
1437609908, 0, 109, 799, 790, 109, 9.83%, 0, 18, 2, 254.05
1437609913, 0, 193, 801, 791, 125, 9.83%, 0, 18, 2, 251.72
1437609918, 0, 193, 820, 810, 125, 9.86%, 0, 19, 2, 206.81
1437609923, 0, 193, 821, 811, 125, 9.86%, 0, 19, 2, 172.45
1437609929, 0, 193, 821, 811, 125, 9.86%, 0, 20, 2, 189.86
1437609934, 0, 193, 826, 816, 125, 9.87%, 0, 20, 2, 201.61
1437609944, 0, 193, 828, 818, 125, 9.88%, 0, 20, 2, 213.62
1437609954, 0, 193, 829, 819, 125, 9.88%, 0, 20, 2, 208.21
1437609964, 0, 193, 831, 821, 125, 9.88%, 0, 20, 2, 206.15
1437609969, 0, 193, 848, 838, 125, 9.88%, 0, 20, 2, 224.03
1437609974, 0, 193, 849, 839, 125, 9.88%, 0, 20, 2, 223.08
1437609999, 0, 193, 850, 840, 125, 9.88%, 0, 20, 2, 225.52
1437610167, 0, 193, 851, 841, 125, 9.89%, 0, 20, 2, 230.87
1437610187, 0, 204, 856, 845, 145, 9.89%, 0, 20, 2, 126.74
1437610203, 0, 204, 857, 846, 145, 9.89%, 0, 20, 2, 186.81
1437610213, 0, 204, 858, 847, 145, 9.89%, 0, 21, 2, 185.94
1437610223, 0, 204, 859, 848, 145, 9.89%, 0, 21, 2, 188.30
1437610243, 0, 204, 860, 849, 145, 9.89%, 0, 21, 2, 187.42
1437610248, 0, 204, 861, 850, 145, 9.89%, 0, 21, 2, 192.02
1437610258, 0, 204, 861, 850, 145, 9.89%, 0, 22, 2, 160.53
1437610269, 0, 204, 862, 851, 145, 9.89%, 0, 22, 2, 185.11
1437610279, 0, 204, 867, 856, 145, 9.89%, 0, 22, 2, 190.47
1437610320, 0, 204, 868, 857, 145, 9.89%, 0, 22, 2, 222.49
1437610325, 0, 204, 868, 857, 145, 9.89%, 0, 23, 2, 210.41
1437610350, 0, 204, 868, 857, 145, 9.89%, 0, 24, 2, 116.63
1437610753, 0, 204, 870, 859, 145, 9.89%, 0, 24, 2, 200.90
1437610764, 0, 204, 871, 860, 145, 9.89%, 0, 24, 2, 243.15
1437610769, 0, 204, 872, 861, 145, 9.89%, 0, 24, 2, 242.56
1437610774, 0, 204, 873, 862, 145, 9.89%, 0, 24, 2, 229.47
1437610779, 0, 204, 875, 864, 145, 9.89%, 0, 24, 2, 227.11
1437610784, 0, 204, 876, 865, 145, 9.89%, 0, 24, 2, 229.52
1437610815, 0, 204, 877, 866, 145, 9.89%, 0, 24, 2, 239.99
1437610820, 0, 204, 878, 867, 145, 9.89%, 0, 24, 2, 235.66
1437610830, 0, 204, 879, 868, 145, 9.89%, 0, 24, 2, 239.37
1437610840, 0, 204, 880, 869, 145, 9.89%, 0, 24, 2, 250.06
1437610850, 0, 204, 881, 870, 145, 9.89%, 0, 24, 2, 252.30
1437610855, 0, 204, 882, 871, 145, 9.89%, 0, 24, 2, 248.76
1437610865, 0, 204, 883, 872, 145, 9.89%, 0, 24, 2, 252.08
1437610896, 0, 204, 884, 873, 145, 9.89%, 0, 24, 2, 248.95
1437610901, 0, 204, 886, 875, 145, 9.89%, 0, 24, 2, 248.73
1437610906, 0, 204, 887, 876, 145, 9.89%, 0, 24, 2, 246.80
1437610916, 0, 204, 888, 877, 145, 9.89%, 0, 24, 2, 247.96
1437610962, 0, 204, 890, 879, 145, 9.89%, 0, 24, 2, 247.92
1437610982, 0, 204, 891, 880, 145, 9.89%, 0, 24, 2, 246.32
1437610987, 0, 204, 892, 881, 145, 9.90%, 0, 24, 2, 249.40
1437611069, 0, 204, 893, 882, 145, 9.90%, 0, 24, 2, 254.29
1437611119, 0, 204, 895, 884, 145, 9.90%, 0, 24, 2, 275.13
1437611155, 0, 204, 896, 885, 145, 9.90%, 0, 24, 2, 278.95
1437611175, 0, 204, 896, 885, 145, 9.90%, 0, 25, 2, 277.17
1437611190, 0, 204, 897, 886, 145, 9.90%, 0, 25, 2, 275.44
1437611206, 0, 204, 898, 887, 145, 9.90%, 0, 25, 2, 277.41
1437611221, 0, 225, 898, 886, 148, 9.90%, 0, 25, 2, 295.27
1437611257, 0, 225, 899, 887, 148, 10.16%, 0, 25, 2, 278.37
1437611282, 0, 225, 900, 888, 148, 10.16%, 0, 25, 2, 282.80
1437611324, 0, 226, 900, 887, 147, 10.16%, 0, 25, 2, 306.96
1437611354, 0, 226, 900, 887, 147, 10.16%, 0, 26, 2, 285.89
1437611369, 0, 259, 901, 887, 146, 10.16%, 0, 26, 3, 307.18
1437611374, 0, 259, 902, 888, 146, 10.16%, 0, 26, 3, 280.53
1437611379, 0, 259, 903, 889, 146, 10.18%, 0, 26, 3, 274.75
1437611385, 0, 259, 904, 890, 146, 10.18%, 0, 26, 3, 272.69
1437611390, 0, 259, 905, 891, 146, 10.18%, 0, 26, 3, 269.86
1437611405, 0, 259, 906, 892, 146, 10.18%, 0, 26, 3, 275.89
1437611410, 0, 259, 908, 894, 146, 10.19%, 0, 26, 3, 270.13
1437611420, 0, 259, 909, 895, 146, 10.19%, 0, 26, 3, 278.95
1437611450, 0, 259, 910, 896, 146, 10.19%, 0, 26, 3, 274.28
1437611455, 0, 259, 911, 897, 146, 10.19%, 0, 26, 3, 274.95
1437611476, 0, 259, 912, 898, 146, 10.19%, 0, 26, 3, 273.29
1437611491, 0, 259, 913, 899, 146, 10.19%, 0, 26, 3, 273.93
1437611511, 0, 259, 914, 900, 146, 10.20%, 0, 26, 3, 273.55
1437611556, 0, 259, 916, 902, 146, 10.20%, 0, 26, 3, 271.54
1437611581, 0, 259, 918, 904, 146, 10.22%, 0, 26, 3, 276.84
1437611592, 0, 259, 919, 905, 146, 10.22%, 0, 26, 3, 269.50
1437611597, 0, 259, 920, 906, 146, 10.25%, 0, 26, 3, 272.97
1437611622, 0, 259, 921, 907, 146, 10.25%, 0, 26, 3, 276.91
1437611642, 0, 259, 922, 908, 146, 10.25%, 0, 26, 3, 275.41
1437611789, 0, 259, 923, 909, 146, 10.25%, 0, 26, 3, 277.40
1437611794, 0, 259, 924, 910, 146, 10.26%, 0, 26, 3, 279.36
1437611804, 0, 259, 925, 911, 146, 10.26%, 0, 26, 3, 279.68
1437611814, 0, 259, 926, 912, 146, 10.26%, 0, 27, 3, 278.57
1437611830, 0, 259, 927, 913, 146, 10.32%, 0, 27, 3, 271.15
1437611880, 0, 259, 928, 914, 146, 10.33%, 0, 27, 3, 278.57
1437611895, 0, 259, 929, 915, 146, 10.33%, 0, 27, 3, 273.74
1437611941, 0, 259, 930, 916, 146, 10.34%, 0, 27, 3, 278.56
1437611956, 0, 261, 930, 915, 159, 10.34%, 0, 27, 3, 289.00
1437611976, 0, 262, 930, 914, 158, 10.34%, 0, 27, 3, 275.75
1437612002, 0, 263, 930, 913, 157, 10.34%, 0, 27, 3, 272.77
1437612017, 0, 263, 931, 914, 157, 10.35%, 0, 27, 3, 274.85
1437612038, 0, 268, 931, 913, 157, 10.35%, 0, 27, 3, 274.27
1437612058, 0, 269, 931, 912, 156, 10.35%, 0, 27, 3, 275.87
1437612078, 0, 270, 934, 914, 155, 10.35%, 0, 27, 3, 251.16
1437612083, 0, 270, 938, 918, 155, 10.35%, 0, 27, 3, 255.24
1437612088, 0, 270, 939, 919, 155, 10.35%, 0, 27, 3, 260.91
1437612094, 0, 270, 940, 920, 155, 10.35%, 0, 27, 3, 264.24
1437612104, 0, 270, 942, 922, 155, 10.35%, 0, 27, 3, 261.12
1437612109, 0, 270, 943, 923, 155, 10.35%, 0, 27, 3, 262.17
1437612124, 0, 270, 944, 924, 155, 10.35%, 0, 27, 3, 262.03
1437612155, 0, 270, 945, 925, 155, 10.35%, 0, 27, 3, 264.56
1437612160, 0, 270, 946, 926, 155, 10.35%, 0, 27, 3, 260.70
1437612217, 0, 270, 947, 927, 155, 10.35%, 0, 27, 3, 263.94
1437612222, 0, 270, 948, 928, 155, 10.35%, 0, 27, 3, 265.27
1437612289, 0, 270, 949, 929, 155, 10.35%, 0, 27, 3, 261.25
1437612361, 0, 270, 950, 930, 155, 10.35%, 0, 27, 3, 265.19
1437612443, 0, 270, 951, 931, 155, 10.35%, 0, 27, 3, 265.72
1437612692, 0, 275, 951, 930, 157, 10.35%, 0, 27, 3, 259.41
1437612713, 0, 276, 952, 930, 156, 10.36%, 0, 27, 3, 273.57
1437612718, 0, 276, 953, 931, 156, 10.37%, 0, 27, 3, 275.26
1437612723, 0, 276, 954, 932, 156, 10.37%, 0, 27, 3, 272.17
1437612728, 0, 276, 955, 933, 156, 10.37%, 0, 27, 3, 271.81
1437612733, 0, 276, 956, 934, 156, 10.37%, 0, 27, 3, 272.53
1437612753, 0, 276, 957, 935, 156, 10.37%, 0, 27, 3, 275.99
1437612849, 0, 276, 958, 936, 156, 10.37%, 0, 27, 3, 260.64
1437612910, 0, 276, 959, 937, 156, 10.37%, 0, 27, 3, 260.31
1437612951, 0, 276, 960, 938, 156, 10.38%, 0, 27, 3, 258.98
1437613320, 0, 277, 961, 938, 161, 10.38%, 0, 27, 3, 266.25
1437613325, 0, 277, 964, 941, 161, 10.39%, 0, 27, 3, 268.57
1437613330, 0, 277, 965, 942, 161, 10.39%, 0, 27, 3, 269.97
1437613335, 0, 277, 966, 943, 161, 10.39%, 0, 27, 3, 268.64
1437613351, 0, 277, 968, 945, 161, 10.40%, 0, 27, 3, 264.94
1437613356, 0, 277, 969, 946, 161, 10.40%, 0, 27, 3, 265.92
1437613366, 0, 277, 970, 947, 161, 10.40%, 0, 27, 3, 264.81
1437613371, 0, 277, 971, 948, 161, 10.40%, 0, 28, 3, 261.93
1437613387, 0, 277, 972, 949, 161, 10.41%, 0, 28, 3, 262.18
1437613397, 0, 277, 972, 949, 161, 10.41%, 0, 29, 3, 255.34
1437613402, 0, 277, 973, 950, 161, 10.41%, 0, 29, 3, 261.31
1437613413, 0, 277, 974, 951, 161, 10.41%, 0, 29, 3, 263.35
1437613428, 0, 277, 975, 952, 161, 10.41%, 0, 29, 3, 269.80
1437613454, 0, 277, 976, 953, 161, 10.41%, 0, 29, 3, 267.04
1437613469, 0, 277, 977, 954, 161, 10.41%, 0, 29, 3, 266.65
1437613510, 0, 277, 978, 955, 161, 10.41%, 0, 29, 3, 269.00
1437613546, 0, 277, 979, 956, 161, 10.41%, 0, 29, 3, 271.06
1437613556, 0, 277, 980, 957, 161, 10.41%, 0, 29, 3, 268.00
1437613587, 0, 277, 981, 958, 161, 10.44%, 0, 29, 3, 269.07
1437613592, 0, 277, 982, 959, 161, 10.44%, 0, 29, 3, 268.07
1437613674, 0, 277, 983, 960, 161, 10.44%, 0, 29, 3, 268.91
1437613777, 0, 277, 985, 962, 161, 10.45%, 0, 29, 3, 262.40
1437613787, 0, 277, 986, 963, 161, 10.45%, 0, 29, 3, 265.00
1437613927, 0, 278, 986, 962, 175, 10.45%, 0, 29, 3, 272.85
1437613942, 0, 279, 986, 961, 174, 10.45%, 0, 29, 3, 270.69
1437613963, 0, 282, 986, 960, 173, 10.45%, 0, 29, 3, 241.23
1437613983, 0, 283, 986, 959, 172, 10.45%, 0, 29, 3, 259.48
1437614004, 0, 293, 986, 958, 171, 10.45%, 0, 29, 3, 291.44
1437614029, 0, 293, 986, 958, 171, 10.45%, 0, 30, 3, 341.09
1437614065, 0, 294, 986, 957, 170, 10.45%, 0, 30, 3, 323.25
1437614085, 0, 294, 987, 958, 170, 10.45%, 0, 30, 3, 344.27
1437614095, 0, 294, 989, 960, 170, 10.46%, 0, 30, 3, 329.48
1437614105, 0, 294, 990, 961, 170, 10.46%, 0, 30, 3, 339.69
1437614111, 0, 294, 991, 962, 170, 10.46%, 0, 30, 3, 319.70
1437614116, 0, 294, 992, 963, 170, 10.46%, 0, 30, 3, 312.59
1437614126, 0, 294, 993, 964, 170, 10.46%, 0, 30, 3, 317.60
1437614141, 0, 294, 994, 965, 170, 10.46%, 0, 30, 3, 310.22
1437614176, 0, 294, 995, 966, 170, 10.46%, 0, 30, 3, 302.30
1437614187, 0, 294, 996, 967, 170, 10.46%, 0, 30, 3, 306.32
1437614217, 0, 294, 997, 968, 170, 10.46%, 0, 30, 3, 301.45
1437614232, 0, 294, 998, 969, 170, 10.46%, 0, 30, 3, 303.30
1437614247, 0, 294, 999, 970, 170, 10.47%, 0, 30, 3, 310.75
1437614263, 0, 294, 1000, 971, 170, 10.47%, 0, 30, 3, 307.96
1437614334, 0, 294, 1001, 972, 170, 10.47%, 0, 30, 3, 307.43
1437614369, 0, 294, 1002, 973, 170, 10.48%, 0, 30, 3, 303.20
1437614466, 0, 294, 1003, 974, 170, 10.48%, 0, 30, 3, 310.33
1437614522, 0, 294, 1004, 975, 170, 10.48%, 0, 30, 3, 300.90
1437614628, 0, 299, 1004, 974, 172, 10.48%, 0, 30, 3, 280.48
1437614705, 0, 299, 1004, 974, 172, 10.48%, 0, 31, 3, 234.66
1437614776, 0, 301, 1004, 973, 171, 10.48%, 0, 31, 3, 281.21
1437614857, 0, 301, 1004, 973, 171, 10.48%, 0, 32, 3, 224.77
1437614933, 0, 304, 1004, 972, 170, 10.48%, 0, 32, 3, 301.55
1437614948, 0, 304, 1004, 972, 170, 10.48%, 0, 33, 3, 345.83
1437614979, 0, 320, 1004, 971, 169, 10.48%, 0, 33, 3, 330.72
1437615020, 0, 341, 1004, 970, 168, 10.48%, 0, 33, 3, 303.94
1437615076, 0, 348, 1004, 969, 167, 10.48%, 0, 33, 3, 297.73
1437615132, 0, 348, 1005, 970, 167, 10.48%, 0, 33, 3, 317.97
1437615168, 0, 364, 1005, 969, 166, 10.48%, 0, 33, 3, 322.96
1437615234, 0, 392, 1005, 968, 165, 10.48%, 0, 33, 3, 320.84
1437615285, 0, 398, 1005, 967, 164, 10.48%, 0, 33, 3, 278.76
1437615315, 0, 398, 1006, 968, 164, 10.48%, 0, 33, 3, 211.76
1437615438, 0, 409, 1006, 967, 164, 10.48%, 0, 33, 3, 294.68
1437615473, 0, 409, 1007, 968, 164, 10.49%, 0, 33, 3, 289.81
1437615494, 0, 415, 1007, 967, 164, 10.49%, 0, 33, 3, 288.10
1437615509, 0, 415, 1008, 968, 164, 10.49%, 0, 33, 3, 283.39
1437615545, 0, 415, 1009, 969, 164, 10.49%, 0, 33, 3, 282.82
1437615586, 0, 422, 1010, 969, 164, 10.49%, 0, 33, 3, 256.53
1437615606, 0, 422, 1012, 971, 164, 10.49%, 0, 33, 3, 245.13
1437615637, 0, 422, 1012, 971, 164, 10.49%, 0, 34, 3, 254.89
1437615677, 0, 422, 1013, 972, 164, 10.49%, 0, 34, 3, 261.26
1437615682, 0, 422, 1014, 973, 164, 10.49%, 0, 34, 3, 222.37
1437615744, 0, 422, 1015, 974, 164, 10.49%, 0, 34, 3, 289.88
1437615774, 0, 432, 1015, 973, 165, 10.49%, 0, 34, 3, 232.47
1437615866, 0, 432, 1016, 974, 165, 10.49%, 0, 34, 3, 230.17
1437615938, 0, 437, 1016, 973, 164, 10.49%, 0, 34, 3, 257.62
1437616101, 0, 451, 1016, 972, 163, 10.49%, 0, 34, 3, 313.48
1437616132, 0, 451, 1017, 973, 163, 10.49%, 0, 34, 3, 344.47
1437616142, 0, 451, 1020, 976, 163, 10.50%, 2, 34, 3, 322.33
1437616152, 0, 451, 1020, 976, 163, 10.50%, 4, 34, 3, 342.17
1437616157, 0, 451, 1023, 979, 163, 10.51%, 8, 34, 3, 308.37
1437616162, 0, 451, 1026, 982, 163, 10.56%, 8, 34, 3, 300.87
1437616167, 0, 451, 1027, 983, 163, 10.56%, 8, 34, 3, 297.72
1437616172, 0, 451, 1028, 984, 163, 10.57%, 9, 34, 3, 305.29
1437616198, 0, 451, 1029, 985, 163, 10.57%, 10, 34, 3, 293.64
1437616208, 0, 451, 1029, 985, 163, 10.57%, 11, 34, 3, 296.38
1437616249, 0, 451, 1030, 986, 163, 10.69%, 11, 34, 3, 300.19
1437616259, 0, 451, 1030, 986, 163, 10.69%, 12, 34, 3, 297.52
1437616264, 0, 451, 1030, 986, 163, 10.69%, 13, 34, 3, 309.88
1437616269, 0, 451, 1030, 986, 163, 10.69%, 14, 34, 3, 303.92
1437616340, 0, 451, 1031, 987, 163, 10.69%, 14, 34, 3, 303.90
1437616380, 0, 451, 1031, 987, 163, 10.69%, 15, 34, 3, 299.96
1437616446, 0, 451, 1032, 988, 163, 10.74%, 15, 34, 3, 309.63
1437616456, 0, 451, 1032, 988, 163, 10.74%, 15, 35, 3, 303.08
1437616487, 0, 451, 1033, 989, 163, 17.40%, 15, 35, 3, 282.47
1437616523, 0, 451, 1034, 990, 163, 17.40%, 15, 35, 3, 308.16
1437616553, 0, 451, 1035, 991, 163, 17.41%, 15, 35, 3, 303.33
1437616664, 0, 451, 1036, 992, 163, 17.41%, 15, 35, 3, 301.67
1437616684, 0, 457, 1036, 991, 175, 17.41%, 15, 35, 3, 301.83
1437616735, 0, 463, 1036, 990, 174, 17.41%, 15, 35, 3, 263.92
1437616842, 0, 465, 1036, 989, 173, 17.41%, 15, 35, 3, 234.50
1437616878, 0, 465, 1036, 989, 173, 17.41%, 15, 36, 3, 243.46
1437617011, 0, 470, 1036, 988, 172, 17.41%, 15, 36, 3, 222.31
1437617041, 0, 470, 1048, 1000, 172, 17.41%, 15, 36, 3, 212.52
1437617178, 0, 479, 1048, 999, 172, 17.41%, 15, 36, 3, 258.99
1437617325, 0, 484, 1048, 998, 171, 17.41%, 15, 36, 3, 310.64
1437617356, 0, 505, 1048, 997, 170, 17.41%, 15, 36, 3, 320.22
1437617458, 0, 509, 1048, 996, 169, 17.41%, 15, 36, 3, 308.62
1437617483, 0, 512, 1048, 995, 168, 17.41%, 15, 36, 3, 272.64
1437617499, 0, 514, 1048, 994, 167, 17.41%, 15, 36, 3, 281.37
1437617520, 0, 514, 1049, 995, 167, 17.45%, 15, 36, 3, 301.78
1437617550, 0, 519, 1049, 994, 167, 17.45%, 15, 36, 3, 283.81
1437617571, 0, 521, 1049, 993, 166, 17.45%, 15, 36, 3, 241.77
1437617596, 0, 522, 1050, 993, 165, 17.46%, 15, 36, 3, 297.93
1437617667, 0, 525, 1051, 993, 165, 17.46%, 15, 36, 3, 256.18
1437617677, 0, 525, 1051, 993, 165, 17.46%, 15, 37, 3, 213.13
1437617683, 0, 525, 1051, 993, 165, 17.46%, 15, 38, 3, 193.13
1437617703, 0, 525, 1052, 994, 165, 17.46%, 15, 38, 3, 216.89
1437617770, 0, 525, 1053, 995, 165, 17.46%, 15, 38, 3, 257.81
1437617775, 0, 525, 1054, 996, 165, 17.46%, 15, 38, 3, 274.13
1437617841, 0, 526, 1054, 995, 164, 17.46%, 15, 38, 3, 324.13
1437617887, 0, 527, 1054, 994, 163, 17.46%, 15, 38, 3, 312.55
1437617917, 0, 528, 1054, 993, 162, 17.46%, 15, 38, 3, 318.49
1437617968, 0, 528, 1054, 993, 162, 17.46%, 15, 39, 3, 342.66
1437617988, 0, 531, 1054, 992, 161, 17.46%, 15, 39, 3, 299.55
1437618064, 0, 532, 1054, 991, 160, 17.46%, 15, 39, 3, 261.91
1437618120, 0, 532, 1054, 991, 160, 17.46%, 15, 40, 3, 222.14
1437618176, 0, 535, 1054, 990, 159, 17.46%, 15, 40, 3, 259.27
1437618258, 0, 536, 1054, 989, 158, 17.46%, 15, 40, 3, 316.41
1437618324, 0, 538, 1054, 988, 157, 17.46%, 15, 40, 3, 339.92
1437618395, 0, 540, 1060, 993, 156, 17.47%, 15, 40, 3, 300.66
1437618400, 0, 540, 1063, 996, 156, 17.47%, 15, 40, 3, 281.89
1437618405, 0, 540, 1065, 998, 156, 17.47%, 15, 40, 3, 276.84
1437618410, 0, 540, 1067, 1000, 156, 17.47%, 15, 40, 3, 276.39
1437618415, 0, 540, 1068, 1001, 156, 17.47%, 15, 40, 3, 278.25
1437618420, 0, 540, 1069, 1002, 156, 17.47%, 15, 40, 3, 274.96
1437618425, 0, 540, 1071, 1004, 156, 17.51%, 15, 40, 3, 273.47
1437618430, 0, 540, 1072, 1005, 156, 17.51%, 15, 40, 3, 275.34
1437618450, 0, 540, 1073, 1006, 156, 17.51%, 15, 40, 3, 268.04
1437618455, 0, 540, 1075, 1008, 156, 17.54%, 15, 40, 3, 264.70
1437618460, 0, 540, 1076, 1009, 156, 17.57%, 15, 40, 3, 264.28
1437618465, 0, 540, 1079, 1012, 156, 17.59%, 15, 40, 3, 263.89
1437618470, 0, 540, 1081, 1014, 156, 17.59%, 15, 40, 3, 237.28
1437618475, 0, 540, 1082, 1015, 156, 17.59%, 15, 40, 3, 229.22
1437618481, 0, 540, 1084, 1017, 156, 17.61%, 15, 40, 3, 234.66
1437618491, 0, 540, 1085, 1018, 156, 17.61%, 15, 40, 3, 237.90
1437618496, 0, 540, 1087, 1020, 156, 17.61%, 15, 40, 3, 237.49
1437618501, 0, 540, 1089, 1022, 156, 17.61%, 15, 40, 3, 239.12
1437618506, 0, 540, 1090, 1023, 156, 17.61%, 15, 40, 3, 239.70
1437618516, 0, 540, 1091, 1024, 156, 17.63%, 15, 40, 3, 234.60
1437618537, 0, 540, 1092, 1025, 156, 17.63%, 15, 40, 3, 236.96
1437618542, 0, 540, 1093, 1026, 156, 17.63%, 15, 40, 3, 240.27
1437618578, 0, 540, 1094, 1027, 156, 17.63%, 15, 40, 3, 235.64
1437618583, 0, 540, 1095, 1028, 156, 17.63%, 15, 40, 3, 237.65
1437618588, 0, 540, 1096, 1029, 156, 17.63%, 15, 40, 3, 239.78
1437618603, 0, 540, 1097, 1030, 156, 17.63%, 15, 40, 3, 235.55
1437618609, 0, 540, 1098, 1031, 156, 17.63%, 15, 40, 3, 236.80
1437618614, 0, 540, 1100, 1033, 156, 17.63%, 15, 40, 3, 238.92
1437618619, 0, 540, 1101, 1034, 156, 17.63%, 15, 40, 3, 238.56
1437618639, 0, 540, 1103, 1036, 156, 17.64%, 15, 40, 3, 233.85
1437618645, 0, 540, 1104, 1037, 156, 17.64%, 15, 40, 3, 235.55
1437618650, 0, 540, 1105, 1038, 156, 17.64%, 15, 40, 3, 237.89
1437618665, 0, 540, 1106, 1039, 156, 17.64%, 15, 40, 3, 236.52
1437618707, 0, 540, 1107, 1040, 156, 17.64%, 15, 40, 3, 244.78
1437618748, 0, 540, 1108, 1041, 156, 17.64%, 15, 40, 3, 246.85
1437618753, 0, 540, 1109, 1042, 156, 17.65%, 15, 40, 3, 247.05
1437618778, 0, 540, 1110, 1043, 156, 17.65%, 15, 40, 3, 245.41
1437618799, 0, 540, 1111, 1044, 156, 17.65%, 15, 40, 3, 276.05
1437618814, 0, 540, 1112, 1045, 156, 17.65%, 15, 40, 3, 273.14
1437618829, 0, 540, 1113, 1046, 156, 17.65%, 15, 40, 3, 272.00
1437618834, 0, 540, 1114, 1047, 156, 17.65%, 15, 40, 3, 272.33
1437618839, 0, 540, 1115, 1048, 156, 17.65%, 15, 40, 3, 269.80
1437618865, 0, 540, 1116, 1049, 156, 17.65%, 15, 40, 3, 279.19
1437618885, 0, 540, 1118, 1051, 156, 17.65%, 15, 40, 3, 280.40
1437618915, 0, 540, 1119, 1052, 156, 17.65%, 15, 40, 3, 274.74
1437618926, 0, 540, 1120, 1053, 156, 17.65%, 15, 40, 3, 272.76
1437618951, 0, 540, 1121, 1054, 156, 17.65%, 15, 40, 3, 271.43
1437618987, 0, 540, 1122, 1055, 156, 17.65%, 15, 40, 3, 273.11
1437618992, 0, 540, 1122, 1055, 156, 17.65%, 15, 41, 3, 274.68
1437619002, 0, 540, 1123, 1056, 156, 17.65%, 15, 41, 3, 273.24
1437619007, 0, 540, 1124, 1057, 156, 17.65%, 15, 41, 3, 271.65
1437619022, 0, 541, 1124, 1056, 178, 17.65%, 15, 41, 3, 274.84
1437619088, 0, 541, 1125, 1057, 178, 17.65%, 15, 41, 3, 279.00
1437619103, 0, 542, 1125, 1056, 178, 17.65%, 15, 41, 3, 294.80
1437619184, 0, 543, 1125, 1055, 177, 17.65%, 15, 41, 3, 340.52
1437619266, 0, 548, 1125, 1054, 176, 17.65%, 15, 41, 3, 298.96
1437619317, 0, 549, 1126, 1054, 175, 17.65%, 15, 41, 3, 267.49
1437619322, 0, 549, 1127, 1055, 175, 17.66%, 15, 41, 3, 221.33
1437619327, 0, 549, 1128, 1056, 175, 17.66%, 15, 41, 3, 216.56
1437619342, 0, 549, 1128, 1056, 175, 17.66%, 15, 42, 3, 207.99
1437619388, 0, 549, 1134, 1062, 175, 17.66%, 15, 42, 3, 192.64
1437619393, 0, 549, 1140, 1068, 175, 17.69%, 15, 42, 3, 207.95
1437619398, 0, 549, 1142, 1070, 175, 17.69%, 15, 42, 3, 210.95
1437619413, 0, 549, 1144, 1072, 175, 17.72%, 15, 42, 3, 211.52
1437619423, 0, 549, 1145, 1073, 175, 17.72%, 15, 42, 3, 209.23
1437619429, 0, 549, 1147, 1075, 175, 17.72%, 15, 42, 3, 207.33
1437619434, 0, 549, 1148, 1076, 175, 17.72%, 15, 42, 3, 205.20
1437619444, 0, 549, 1149, 1077, 175, 17.72%, 15, 42, 3, 207.44
1437619465, 0, 549, 1151, 1079, 175, 17.72%, 15, 42, 3, 205.29
1437619475, 0, 549, 1152, 1080, 175, 17.72%, 15, 42, 3, 212.21
1437619480, 0, 549, 1153, 1081, 175, 17.72%, 15, 43, 3, 210.51
1437619496, 0, 549, 1155, 1083, 175, 17.73%, 15, 43, 3, 215.08
1437619511, 0, 549, 1156, 1084, 175, 17.73%, 15, 43, 3, 214.30
1437619516, 0, 549, 1157, 1085, 175, 17.73%, 15, 43, 3, 214.32
1437619526, 0, 549, 1158, 1086, 175, 17.73%, 15, 43, 3, 211.54
1437619532, 0, 549, 1159, 1087, 175, 17.73%, 15, 43, 3, 210.60
1437619547, 0, 549, 1160, 1088, 175, 17.73%, 15, 43, 3, 209.44
1437619578, 0, 549, 1161, 1089, 175, 17.73%, 15, 43, 3, 211.85
1437619588, 0, 549, 1162, 1090, 175, 17.73%, 15, 43, 3, 207.70
1437619593, 0, 549, 1163, 1091, 175, 17.74%, 15, 43, 3, 208.96
1437619639, 0, 549, 1164, 1092, 175, 17.74%, 15, 43, 3, 206.73
1437619649, 0, 549, 1164, 1092, 175, 17.74%, 15, 44, 3, 201.16
1437619654, 0, 549, 1165, 1093, 175, 17.74%, 15, 44, 3, 199.27
1437619675, 0, 549, 1166, 1094, 175, 17.74%, 15, 44, 3, 197.90
1437619695, 0, 549, 1167, 1095, 175, 17.74%, 15, 44, 3, 187.63
1437619716, 0, 549, 1168, 1096, 175, 17.74%, 15, 44, 3, 196.42
1437619721, 0, 549, 1169, 1097, 175, 17.74%, 15, 44, 3, 199.66
1437619727, 0, 549, 1170, 1098, 175, 17.74%, 15, 44, 3, 199.76
1437619768, 0, 549, 1171, 1099, 175, 17.74%, 15, 44, 3, 183.30
1437619844, 0, 549, 1172, 1100, 175, 17.74%, 15, 44, 3, 197.96
1437619864, 0, 549, 1173, 1101, 175, 17.74%, 15, 44, 3, 200.43
1437619869, 0, 549, 1174, 1102, 175, 17.74%, 15, 44, 3, 200.29
1437619874, 0, 549, 1175, 1103, 175, 17.74%, 15, 44, 3, 201.58
1437619894, 0, 549, 1176, 1104, 175, 17.74%, 15, 44, 3, 202.30
1437619904, 0, 549, 1177, 1105, 175, 17.74%, 15, 44, 3, 206.17
1437620168, 0, 551, 1177, 1104, 185, 17.74%, 15, 44, 3, 211.09
1437620204, 0, 551, 1179, 1106, 185, 17.74%, 15, 44, 3, 272.56
1437620214, 0, 551, 1180, 1107, 185, 17.74%, 15, 44, 3, 261.68
1437620219, 0, 551, 1181, 1108, 185, 17.74%, 15, 44, 3, 262.56
1437620229, 0, 551, 1182, 1109, 185, 17.74%, 15, 44, 3, 259.62
1437620235, 0, 551, 1183, 1110, 185, 17.74%, 15, 44, 3, 260.08
1437620337, 0, 551, 1184, 1111, 185, 17.74%, 15, 44, 3, 251.67
1437620342, 0, 551, 1185, 1112, 185, 17.74%, 15, 44, 3, 253.22
1437620378, 0, 551, 1187, 1114, 185, 17.74%, 15, 44, 3, 260.86
1437620434, 0, 551, 1188, 1115, 185, 17.74%, 15, 44, 3, 260.80
1437620464, 0, 551, 1189, 1116, 185, 17.74%, 15, 44, 3, 264.08
1437620556, 0, 551, 1190, 1117, 185, 17.74%, 15, 44, 3, 258.48
1437620577, 0, 551, 1191, 1118, 185, 17.74%, 15, 44, 3, 260.86
1437620688, 0, 551, 1192, 1119, 185, 17.74%, 15, 44, 3, 255.72
1437620699, 0, 551, 1193, 1120, 185, 17.74%, 15, 44, 3, 253.41
1437620826, 0, 556, 1193, 1119, 188, 17.74%, 15, 44, 3, 253.10
1437620836, 0, 556, 1194, 1120, 188, 17.74%, 15, 44, 3, 262.88
1437620985, 0, 603, 1194, 1119, 188, 17.74%, 15, 44, 3, 257.92
1437621082, 0, 608, 1194, 1118, 187, 17.74%, 15, 44, 3, 296.23
1437621134, 0, 612, 1194, 1117, 186, 17.74%, 15, 44, 3, 305.53
1437621209, 0, 612, 1195, 1118, 186, 17.74%, 15, 44, 3, 278.97
1437621235, 0, 613, 1195, 1117, 186, 17.74%, 15, 44, 3, 211.86
1437621408, 0, 616, 1195, 1116, 186, 17.74%, 15, 44, 3, 259.41
1437621485, 0, 627, 1195, 1115, 185, 17.74%, 15, 44, 3, 273.84
1437621652, 0, 631, 1195, 1114, 184, 17.74%, 15, 44, 3, 281.34
1437621738, 0, 639, 1195, 1113, 183, 17.74%, 15, 44, 3, 291.18
1437621763, 0, 639, 1196, 1114, 183, 17.75%, 15, 44, 3, 305.97
1437621788, 0, 653, 1204, 1121, 183, 17.75%, 15, 44, 3, 296.37
1437621794, 0, 653, 1209, 1126, 183, 17.75%, 15, 44, 3, 301.93
1437621799, 0, 653, 1211, 1128, 183, 17.75%, 15, 44, 3, 311.80
1437621829, 0, 653, 1213, 1130, 183, 17.75%, 15, 44, 3, 298.47
1437621834, 0, 653, 1220, 1137, 183, 17.76%, 15, 45, 3, 273.18
1437621839, 0, 653, 1222, 1139, 183, 17.76%, 15, 48, 3, 266.96
1437621844, 0, 653, 1226, 1143, 183, 17.77%, 15, 48, 3, 271.36
1437621849, 0, 653, 1229, 1146, 183, 17.77%, 15, 48, 3, 268.78
1437621854, 0, 653, 1235, 1152, 183, 17.78%, 15, 48, 3, 267.54
1437621859, 0, 653, 1236, 1153, 183, 17.78%, 15, 48, 3, 270.44
1437621864, 0, 653, 1238, 1155, 183, 17.78%, 15, 48, 3, 269.04
1437621874, 0, 653, 1240, 1157, 183, 17.78%, 15, 49, 3, 263.13
1437621879, 0, 653, 1245, 1162, 183, 17.78%, 15, 49, 3, 264.16
1437621885, 0, 653, 1247, 1164, 183, 17.78%, 15, 49, 3, 266.42
1437621890, 0, 653, 1249, 1166, 183, 17.78%, 15, 49, 3, 262.96
1437621895, 0, 653, 1252, 1169, 183, 17.79%, 15, 49, 3, 266.57
1437621900, 0, 653, 1257, 1174, 183, 17.79%, 15, 49, 3, 267.00
1437621915, 0, 653, 1258, 1175, 183, 17.79%, 15, 49, 3, 264.61
1437621920, 0, 653, 1259, 1176, 183, 17.79%, 15, 49, 3, 267.21
1437621925, 0, 653, 1262, 1179, 183, 17.81%, 15, 49, 3, 268.55
1437621930, 0, 653, 1264, 1181, 183, 17.81%, 15, 49, 3, 263.35
1437621935, 0, 653, 1265, 1182, 183, 17.82%, 15, 49, 3, 266.78
1437621945, 0, 653, 1266, 1183, 183, 17.82%, 15, 49, 3, 264.48
1437621950, 0, 653, 1269, 1186, 183, 17.82%, 15, 49, 3, 262.43
1437621955, 0, 653, 1271, 1188, 183, 17.82%, 15, 49, 3, 265.18
1437621961, 0, 653, 1272, 1189, 183, 17.82%, 15, 49, 3, 266.83
1437621966, 0, 653, 1274, 1191, 183, 17.82%, 15, 49, 3, 263.54
1437621971, 0, 653, 1275, 1192, 183, 17.82%, 15, 49, 3, 264.57
1437621976, 0, 653, 1276, 1193, 183, 17.82%, 15, 50, 3, 266.75
1437621986, 0, 653, 1278, 1195, 183, 17.82%, 15, 50, 3, 265.29
1437621991, 0, 653, 1279, 1196, 183, 17.82%, 15, 50, 3, 260.20
1437622011, 0, 653, 1281, 1198, 183, 17.83%, 15, 50, 3, 260.81
1437622022, 0, 653, 1282, 1199, 183, 17.83%, 15, 50, 3, 263.10
1437622037, 0, 653, 1284, 1201, 183, 17.83%, 15, 50, 3, 261.69
1437622042, 0, 653, 1285, 1202, 183, 17.83%, 15, 50, 3, 266.24
1437622052, 0, 653, 1287, 1204, 183, 17.84%, 15, 50, 3, 263.70
1437622057, 0, 653, 1288, 1205, 183, 17.84%, 15, 50, 3, 265.61
1437622062, 0, 653, 1290, 1207, 183, 17.84%, 15, 50, 3, 51.55
1437622067, 0, 653, 1292, 1209, 183, 17.84%, 15, 50, 3, 257.51
1437622072, 0, 653, 1292, 1209, 183, 17.84%, 15, 51, 3, 267.97
1437622088, 0, 653, 1292, 1209, 183, 17.84%, 15, 52, 3, 249.61
1437622093, 0, 653, 1293, 1210, 183, 17.84%, 15, 52, 3, 261.04
1437622108, 0, 653, 1294, 1211, 183, 17.84%, 15, 52, 3, 262.39
1437622113, 0, 653, 1295, 1212, 183, 17.84%, 15, 52, 3, 263.90
1437622118, 0, 653, 1296, 1213, 183, 17.84%, 15, 52, 3, 270.69
1437622123, 0, 653, 1297, 1214, 183, 17.84%, 15, 52, 3, 271.16
1437622128, 0, 653, 1298, 1215, 183, 17.84%, 15, 52, 3, 268.38
1437622138, 0, 653, 1299, 1216, 183, 17.84%, 15, 52, 3, 266.13
1437622148, 0, 653, 1301, 1218, 183, 17.84%, 15, 52, 3, 263.84
1437622154, 0, 653, 1302, 1219, 183, 17.84%, 15, 52, 3, 267.14
1437622174, 0, 653, 1305, 1222, 183, 17.85%, 15, 52, 3, 258.78
1437622189, 0, 653, 1306, 1223, 183, 17.85%, 15, 52, 3, 265.30
1437622204, 0, 653, 1308, 1225, 183, 17.86%, 15, 52, 3, 263.82
1437622209, 0, 653, 1309, 1226, 183, 17.88%, 15, 52, 3, 281.73
1437622214, 0, 653, 1310, 1227, 183, 17.88%, 15, 52, 3, 291.30
1437622219, 0, 653, 1311, 1228, 183, 17.88%, 15, 52, 3, 287.45
1437622224, 0, 653, 1313, 1230, 183, 17.89%, 15, 52, 3, 285.13
1437622229, 0, 653, 1313, 1230, 183, 17.89%, 15, 53, 3, 289.75
1437622245, 0, 653, 1314, 1231, 183, 17.89%, 15, 53, 3, 292.01
1437622250, 0, 653, 1315, 1232, 183, 17.89%, 15, 53, 3, 294.85
1437622255, 0, 653, 1316, 1233, 183, 17.90%, 15, 53, 3, 285.85
1437622260, 0, 653, 1316, 1233, 183, 17.90%, 15, 54, 3, 286.48
1437622275, 0, 653, 1317, 1234, 183, 17.90%, 15, 54, 3, 293.30
1437622280, 0, 653, 1318, 1235, 183, 17.90%, 15, 54, 3, 292.19
1437622285, 0, 653, 1319, 1236, 183, 17.90%, 15, 54, 3, 283.50
1437622291, 0, 653, 1320, 1237, 183, 17.90%, 15, 54, 3, 290.31
1437622296, 0, 653, 1321, 1238, 183, 17.90%, 15, 54, 3, 290.23
1437622316, 0, 653, 1322, 1239, 183, 17.90%, 15, 54, 3, 288.85
1437622326, 0, 653, 1323, 1240, 183, 17.90%, 15, 54, 3, 289.39
1437622337, 0, 653, 1323, 1240, 183, 17.90%, 15, 56, 3, 286.50
1437622342, 0, 653, 1325, 1242, 183, 17.90%, 15, 56, 3, 287.90
1437622357, 0, 653, 1326, 1243, 183, 17.91%, 15, 56, 3, 285.61
1437622362, 0, 653, 1328, 1245, 183, 17.91%, 15, 56, 3, 290.99
1437622367, 0, 653, 1329, 1246, 183, 17.91%, 15, 56, 3, 287.51
1437622382, 0, 653, 1330, 1247, 183, 17.91%, 15, 56, 3, 286.72
1437622392, 0, 653, 1330, 1247, 183, 17.91%, 15, 57, 3, 291.40
1437622423, 0, 659, 1330, 1246, 202, 17.91%, 15, 57, 3, 234.47
1437622459, 0, 659, 1330, 1246, 202, 17.91%, 15, 58, 3, 229.93
1437622485, 0, 659, 1331, 1247, 202, 17.91%, 15, 58, 3, 264.79
1437622495, 0, 659, 1332, 1248, 202, 17.91%, 15, 58, 3, 266.42
1437622556, 0, 660, 1332, 1247, 200, 17.91%, 15, 58, 3, 267.08
1437622607, 0, 660, 1332, 1247, 200, 17.91%, 15, 59, 3, 224.73
1437622688, 0, 667, 1332, 1246, 199, 17.91%, 15, 59, 3, 300.23
1437622800, 0, 671, 1332, 1245, 198, 17.91%, 15, 59, 3, 329.69
1437622861, 0, 673, 1332, 1244, 197, 17.91%, 15, 59, 3, 306.76
1437622912, 0, 691, 1332, 1243, 196, 17.91%, 15, 59, 3, 246.96
1437622984, 0, 691, 1332, 1243, 196, 17.91%, 15, 60, 3, 190.55
1437622989, 0, 691, 1332, 1243, 196, 17.91%, 15, 61, 3, 123.45
1437623014, 0, 694, 1333, 1243, 195, 17.91%, 15, 61, 3, 197.54
1437623019, 0, 694, 1333, 1243, 195, 17.91%, 15, 62, 3, 179.21
1437623040, 0, 694, 1334, 1244, 195, 17.91%, 15, 62, 3, 191.54
1437623142, 0, 700, 1334, 1243, 194, 17.91%, 15, 62, 3, 217.60
1437623266, 0, 701, 1334, 1242, 193, 17.91%, 15, 62, 3, 286.31
1437623352, 0, 705, 1334, 1241, 192, 17.91%, 15, 62, 3, 288.14
1437623357, 0, 705, 1335, 1242, 192, 17.91%, 15, 62, 3, 308.59
1437623408, 0, 709, 1337, 1243, 193, 17.92%, 15, 62, 3, 220.57
1437623413, 0, 709, 1338, 1244, 193, 17.92%, 15, 62, 3, 205.14
1437623433, 0, 709, 1338, 1244, 193, 17.92%, 15, 63, 3, 201.83
1437623505, 0, 710, 1338, 1243, 195, 17.92%, 15, 63, 3, 220.77
1437623623, 0, 722, 1338, 1242, 194, 17.92%, 15, 63, 3, 209.70
1437623633, 0, 722, 1338, 1242, 194, 17.92%, 15, 64, 3, 183.90
1437623755, 0, 722, 1339, 1243, 194, 17.92%, 15, 64, 3, 222.38
1437623775, 0, 722, 1340, 1244, 194, 17.92%, 15, 64, 3, 235.09
1437623790, 0, 722, 1341, 1245, 194, 17.92%, 15, 64, 3, 237.05
1437623805, 0, 722, 1342, 1246, 194, 17.92%, 15, 64, 3, 243.87
1437623810, 0, 722, 1343, 1247, 194, 17.92%, 15, 64, 3, 237.22
1437623831, 0, 722, 1344, 1248, 194, 17.92%, 15, 64, 3, 239.74
1437623836, 0, 722, 1345, 1249, 194, 17.92%, 15, 64, 3, 239.43
1437623862, 0, 722, 1346, 1250, 194, 17.92%, 15, 64, 3, 239.74
1437623903, 0, 722, 1347, 1251, 194, 17.92%, 15, 64, 3, 235.01
1437623929, 0, 722, 1348, 1252, 194, 17.94%, 15, 64, 3, 241.06
1437623939, 0, 722, 1349, 1253, 194, 17.94%, 15, 64, 3, 238.44
1437624102, 0, 722, 1350, 1254, 194, 17.95%, 15, 64, 3, 237.74
1437624128, 0, 722, 1351, 1255, 194, 17.95%, 15, 64, 3, 241.62
1437624194, 0, 722, 1352, 1256, 194, 17.95%, 15, 64, 3, 241.68
1437624204, 0, 722, 1352, 1256, 194, 17.95%, 15, 65, 3, 249.75
1437624235, 0, 722, 1353, 1257, 194, 17.95%, 15, 65, 3, 241.09
1437624240, 0, 722, 1354, 1258, 194, 17.95%, 15, 65, 3, 241.81
1437624307, 0, 722, 1355, 1259, 194, 17.95%, 15, 65, 3, 240.99
1437624425, 0, 728, 1355, 1258, 195, 17.95%, 15, 65, 3, 232.65
1437624440, 0, 728, 1355, 1258, 195, 17.95%, 15, 66, 3, 182.28
1437624486, 0, 728, 1356, 1259, 195, 17.95%, 15, 66, 3, 201.50
1437624592, 0, 728, 1357, 1260, 195, 17.95%, 15, 66, 3, 236.83
1437624603, 0, 728, 1358, 1261, 195, 17.95%, 15, 66, 3, 233.70
1437624618, 0, 728, 1359, 1262, 195, 17.95%, 15, 66, 3, 235.08
1437624639, 0, 728, 1359, 1262, 195, 17.95%, 15, 67, 3, 235.01
1437624664, 0, 728, 1360, 1263, 195, 17.95%, 15, 67, 3, 233.01
1437624715, 0, 728, 1361, 1264, 195, 17.95%, 15, 67, 3, 232.86
1437624720, 0, 728, 1361, 1264, 195, 17.95%, 15, 68, 3, 223.65
1437624761, 0, 728, 1363, 1266, 195, 17.95%, 15, 68, 3, 238.95
1437624787, 0, 728, 1363, 1266, 195, 17.95%, 15, 70, 3, 229.21
1437624853, 0, 728, 1363, 1266, 195, 17.95%, 15, 71, 3, 152.60
1437624894, 0, 728, 1364, 1267, 195, 17.95%, 15, 71, 3, 252.48
1437625010, 0, 728, 1365, 1268, 195, 17.95%, 15, 71, 3, 254.29
1437625091, 0, 728, 1366, 1269, 195, 17.95%, 15, 71, 3, 254.06
1437625121, 0, 728, 1367, 1270, 195, 17.95%, 15, 71, 3, 251.34
1437625182, 0, 728, 1368, 1271, 195, 17.95%, 15, 71, 3, 253.61
1437625228, 0, 729, 1368, 1270, 194, 17.95%, 15, 71, 3, 222.62
1437625238, 0, 729, 1368, 1270, 194, 17.95%, 15, 72, 3, 195.85
1437625330, 0, 734, 1368, 1269, 193, 17.95%, 15, 72, 3, 232.50
1437625474, 0, 737, 1368, 1268, 192, 17.95%, 15, 72, 3, 242.88
1437625479, 0, 737, 1369, 1269, 192, 17.96%, 15, 72, 3, 220.24
1437625489, 0, 737, 1369, 1269, 192, 17.96%, 15, 73, 3, 209.60
1437625571, 0, 737, 1369, 1269, 192, 17.96%, 15, 74, 3, 236.51
1437625601, 0, 740, 1369, 1268, 192, 17.96%, 15, 74, 3, 234.26
1437625642, 0, 740, 1369, 1268, 192, 17.96%, 15, 75, 3, 197.21
1437625668, 0, 740, 1370, 1269, 192, 17.96%, 15, 75, 3, 224.21
1437625734, 0, 740, 1371, 1270, 192, 17.96%, 15, 75, 3, 244.55
1437625765, 0, 748, 1371, 1269, 192, 17.96%, 15, 75, 3, 246.54
1437625928, 0, 751, 1371, 1268, 191, 17.96%, 15, 75, 3, 252.23
1437625948, 0, 761, 1371, 1267, 190, 17.96%, 15, 75, 3, 255.98
1437626035, 0, 784, 1371, 1266, 189, 17.96%, 15, 75, 3, 278.53
1437626086, 0, 784, 1372, 1267, 189, 17.96%, 15, 75, 3, 308.02
1437626122, 0, 789, 1372, 1266, 188, 17.96%, 15, 75, 3, 251.35
1437626132, 0, 789, 1373, 1267, 188, 17.96%, 15, 75, 3, 213.92
1437626147, 0, 789, 1373, 1267, 188, 17.96%, 15, 76, 3, 206.98
1437626223, 0, 789, 1374, 1268, 188, 17.99%, 15, 76, 3, 267.85
1437626254, 0, 790, 1374, 1267, 189, 17.99%, 15, 76, 3, 258.04
1437626330, 0, 790, 1374, 1267, 189, 17.99%, 15, 77, 3, 256.74
1437626360, 0, 790, 1375, 1268, 189, 17.99%, 15, 77, 3, 259.01
1437626390, 0, 791, 1377, 1269, 188, 17.99%, 15, 77, 3, 245.48
1437626396, 0, 791, 1389, 1281, 188, 18.01%, 15, 78, 3, 212.74
1437626401, 0, 791, 1395, 1287, 188, 18.02%, 15, 78, 3, 201.97
1437626406, 0, 791, 1400, 1292, 188, 18.02%, 15, 78, 3, 202.69
1437626411, 0, 791, 1401, 1293, 188, 18.02%, 15, 79, 3, 206.91
1437626416, 0, 791, 1402, 1294, 188, 18.02%, 15, 79, 3, 203.07
1437626421, 0, 791, 1404, 1296, 188, 18.02%, 15, 79, 3, 203.99
1437626426, 0, 791, 1406, 1298, 188, 18.03%, 15, 79, 3, 199.19
1437626431, 0, 791, 1407, 1299, 188, 18.03%, 15, 79, 3, 204.51
1437626466, 0, 791, 1408, 1300, 188, 18.03%, 15, 79, 3, 206.01
1437626476, 0, 791, 1410, 1302, 188, 18.04%, 15, 79, 3, 206.20
1437626482, 0, 791, 1418, 1310, 188, 18.05%, 15, 79, 3, 226.35
1437626487, 0, 791, 1432, 1324, 188, 18.06%, 15, 79, 3, 226.32
1437626492, 0, 791, 1439, 1331, 188, 18.06%, 15, 82, 3, 222.70
1437626497, 0, 791, 1443, 1335, 188, 18.06%, 15, 83, 3, 227.01
1437626502, 0, 791, 1449, 1341, 188, 18.06%, 15, 84, 3, 213.63
1437626507, 0, 791, 1455, 1347, 188, 18.07%, 15, 84, 3, 227.79
1437626513, 0, 791, 1457, 1349, 188, 18.07%, 15, 84, 3, 227.66
1437626518, 0, 791, 1460, 1352, 188, 18.07%, 15, 84, 3, 228.39
1437626523, 0, 791, 1464, 1356, 188, 18.08%, 15, 84, 3, 229.33
1437626528, 0, 791, 1470, 1362, 188, 18.08%, 15, 84, 3, 225.16
1437626533, 0, 791, 1471, 1363, 188, 18.08%, 15, 84, 3, 231.66
1437626538, 0, 791, 1472, 1364, 188, 18.08%, 15, 85, 3, 229.00
1437626543, 0, 791, 1474, 1366, 188, 18.08%, 15, 85, 3, 232.17
1437626548, 0, 791, 1477, 1369, 188, 18.09%, 15, 85, 3, 230.83
1437626553, 0, 791, 1478, 1370, 188, 18.09%, 15, 87, 3, 227.35
1437626558, 0, 791, 1480, 1372, 188, 18.09%, 15, 88, 3, 232.22
1437626564, 0, 791, 1481, 1373, 188, 18.09%, 15, 88, 3, 234.79
1437626569, 0, 791, 1484, 1376, 188, 18.09%, 15, 88, 3, 230.93
1437626574, 0, 791, 1486, 1378, 188, 18.09%, 15, 88, 3, 228.56
1437626579, 0, 791, 1488, 1380, 188, 18.09%, 15, 88, 3, 233.67
1437626584, 0, 791, 1490, 1382, 188, 18.10%, 15, 88, 3, 227.62
1437626589, 0, 791, 1491, 1383, 188, 18.10%, 15, 88, 3, 227.58
1437626594, 0, 791, 1491, 1383, 188, 18.10%, 15, 89, 3, 202.45
1437626599, 0, 791, 1491, 1383, 188, 18.10%, 15, 90, 3, 118.75
1437626604, 0, 791, 1494, 1386, 188, 18.10%, 15, 90, 3, 184.41
1437626609, 0, 791, 1496, 1388, 188, 18.10%, 15, 90, 3, 202.62
1437626614, 0, 791, 1497, 1389, 188, 18.10%, 15, 90, 3, 203.52
1437626620, 0, 791, 1499, 1391, 188, 18.10%, 15, 90, 3, 209.13
1437626625, 0, 791, 1500, 1392, 188, 18.10%, 15, 90, 3, 208.54
1437626635, 0, 791, 1501, 1393, 188, 18.10%, 15, 90, 3, 209.81
1437626645, 0, 791, 1502, 1394, 188, 18.12%, 15, 90, 3, 212.15
1437626650, 0, 791, 1503, 1395, 188, 18.12%, 15, 91, 3, 208.70
1437626655, 0, 791, 1504, 1396, 188, 18.12%, 15, 91, 3, 208.14
1437626660, 0, 791, 1505, 1397, 188, 18.12%, 15, 92, 3, 207.35
1437626671, 0, 791, 1506, 1398, 188, 18.12%, 15, 92, 3, 213.31
1437626681, 0, 791, 1507, 1399, 188, 18.12%, 15, 92, 3, 204.53
1437626701, 0, 791, 1508, 1400, 188, 18.12%, 15, 92, 3, 210.11
1437626711, 0, 791, 1510, 1402, 188, 18.12%, 15, 92, 3, 209.16
1437626726, 0, 791, 1511, 1403, 188, 18.12%, 15, 92, 3, 211.01
1437626732, 0, 791, 1512, 1404, 188, 18.12%, 15, 92, 3, 209.04
1437626767, 0, 791, 1513, 1405, 188, 18.12%, 15, 92, 3, 209.31
1437626772, 0, 791, 1513, 1405, 188, 18.12%, 15, 93, 3, 209.84
1437626783, 0, 791, 1514, 1406, 188, 18.12%, 15, 93, 3, 208.73
1437626793, 0, 791, 1515, 1407, 188, 18.12%, 15, 93, 3, 206.67
1437626803, 0, 791, 1515, 1407, 188, 18.12%, 15, 94, 3, 207.85
1437626808, 0, 791, 1515, 1407, 188, 18.12%, 15, 95, 3, 206.64
1437626818, 0, 791, 1515, 1407, 188, 18.12%, 15, 96, 3, 206.61
1437626834, 0, 791, 1516, 1408, 188, 18.12%, 15, 96, 3, 205.88
1437626844, 0, 791, 1517, 1409, 188, 18.12%, 15, 96, 3, 209.89
1437626854, 0, 791, 1518, 1410, 188, 18.12%, 15, 96, 3, 211.00
1437626859, 0, 791, 1518, 1410, 188, 18.12%, 15, 97, 3, 206.41
1437626879, 0, 791, 1519, 1411, 188, 18.12%, 15, 97, 3, 209.80
1437626889, 0, 791, 1521, 1413, 188, 18.12%, 15, 97, 3, 209.41
1437626894, 0, 791, 1522, 1414, 188, 18.12%, 15, 98, 3, 206.63
1437626899, 0, 791, 1523, 1415, 188, 18.12%, 15, 98, 3, 210.38
1437626960, 0, 791, 1523, 1415, 188, 18.12%, 15, 99, 3, 209.23
1437626970, 0, 791, 1524, 1416, 188, 18.12%, 15, 99, 3, 213.55
1437626980, 0, 791, 1525, 1417, 188, 18.12%, 15, 99, 3, 210.83
1437626991, 0, 791, 1526, 1418, 188, 18.13%, 15, 99, 3, 213.91
1437626996, 0, 791, 1527, 1419, 188, 18.13%, 15, 99, 3, 209.35
1437627011, 0, 791, 1528, 1420, 188, 18.13%, 15, 100, 3, 211.03
1437627016, 0, 791, 1529, 1421, 188, 18.13%, 15, 100, 3, 210.81
1437627021, 0, 791, 1530, 1422, 188, 18.13%, 15, 100, 3, 212.50
1437627047, 0, 791, 1531, 1423, 188, 18.13%, 15, 100, 3, 211.39
1437627052, 0, 791, 1532, 1424, 188, 18.13%, 15, 100, 3, 211.84
1437627067, 0, 791, 1534, 1426, 188, 18.14%, 15, 101, 3, 205.17
1437627078, 0, 791, 1536, 1428, 188, 18.14%, 15, 101, 3, 213.29
1437627093, 0, 791, 1537, 1429, 188, 18.14%, 15, 101, 3, 214.48
1437627103, 0, 791, 1537, 1429, 188, 18.14%, 15, 102, 3, 204.10
1437627108, 0, 791, 1538, 1430, 188, 18.14%, 15, 102, 3, 211.94
1437627113, 0, 791, 1539, 1431, 188, 18.14%, 15, 102, 3, 212.76
1437627123, 0, 791, 1540, 1432, 188, 18.14%, 15, 102, 3, 210.01
1437627149, 0, 791, 1541, 1433, 188, 18.14%, 15, 102, 3, 208.75
1437627154, 0, 791, 1542, 1434, 188, 18.14%, 15, 102, 3, 213.90
1437627164, 0, 791, 1543, 1435, 188, 18.14%, 15, 102, 3, 214.02
1437627175, 0, 791, 1544, 1436, 188, 18.14%, 15, 102, 3, 211.29
1437627205, 0, 791, 1545, 1437, 188, 18.14%, 15, 102, 3, 208.22
1437627210, 0, 791, 1547, 1439, 188, 18.14%, 15, 102, 3, 210.07
1437627216, 0, 791, 1547, 1439, 188, 18.14%, 15, 103, 3, 210.93
1437627221, 0, 791, 1549, 1441, 188, 18.14%, 15, 103, 3, 204.21
1437627241, 0, 793, 1549, 1440, 214, 18.14%, 15, 103, 3, 208.64
1437627246, 0, 793, 1550, 1441, 214, 18.14%, 15, 103, 3, 201.64
1437627277, 0, 793, 1551, 1442, 214, 18.14%, 15, 103, 3, 193.77
1437627401, 0, 793, 1552, 1443, 214, 18.14%, 15, 103, 3, 244.78
1437627411, 0, 793, 1553, 1444, 214, 18.14%, 15, 103, 3, 248.50
1437627421, 0, 793, 1553, 1444, 214, 18.14%, 16, 103, 3, 247.49
1437627477, 0, 794, 1553, 1443, 213, 18.14%, 16, 103, 3, 208.72
1437627498, 0, 794, 1553, 1443, 213, 18.14%, 16, 104, 3, 170.04
1437627590, 0, 798, 1553, 1442, 212, 18.14%, 16, 104, 3, 241.32
1437627712, 0, 798, 1553, 1442, 212, 18.14%, 16, 105, 3, 215.55
1437627727, 0, 798, 1554, 1443, 212, 18.14%, 16, 105, 3, 231.50
1437627737, 0, 798, 1556, 1445, 212, 18.14%, 16, 105, 3, 237.90
1437627768, 0, 798, 1557, 1446, 212, 18.14%, 16, 105, 3, 235.49
1437627911, 0, 798, 1558, 1447, 212, 18.15%, 16, 105, 3, 258.07
1437627962, 0, 798, 1559, 1448, 212, 18.15%, 16, 105, 3, 259.03
1437628053, 0, 798, 1560, 1449, 212, 18.15%, 16, 105, 3, 261.49
1437628088, 0, 798, 1560, 1449, 212, 18.15%, 16, 106, 3, 256.57
1437628264, 0, 798, 1561, 1450, 212, 18.15%, 16, 106, 3, 257.74
1437628351, 0, 798, 1562, 1451, 212, 18.15%, 16, 106, 3, 258.93
1437628356, 0, 801, 1562, 1450, 214, 18.15%, 16, 106, 3, 226.42
1437628392, 0, 801, 1562, 1450, 214, 18.15%, 16, 107, 3, 208.23
1437628677, 0, 801, 1563, 1451, 214, 18.15%, 16, 107, 3, 253.68
1437628707, 0, 802, 1563, 1450, 213, 18.15%, 16, 107, 3, 210.09
1437628748, 0, 802, 1563, 1450, 213, 18.15%, 16, 108, 3, 190.66
1437628835, 0, 802, 1563, 1450, 213, 18.15%, 16, 109, 3, 141.57
1437629029, 0, 802, 1564, 1451, 213, 18.15%, 16, 109, 3, 251.88
1437629039, 0, 802, 1565, 1452, 213, 18.15%, 16, 109, 3, 257.12
1437629100, 0, 803, 1566, 1452, 212, 18.15%, 16, 109, 3, 217.03
1437629116, 0, 803, 1567, 1453, 212, 18.15%, 16, 109, 3, 189.34
1437629228, 0, 803, 1567, 1453, 212, 18.15%, 16, 110, 3, 178.67
1437629305, 0, 803, 1567, 1453, 212, 18.15%, 16, 111, 3, 124.60
1437629468, 0, 806, 1567, 1452, 211, 18.15%, 16, 111, 3, 231.37
1437629612, 0, 806, 1567, 1452, 211, 18.15%, 16, 112, 3, 186.47
1437629817, 0, 808, 1567, 1451, 210, 18.15%, 16, 112, 3, 226.07
1437629827, 0, 808, 1567, 1451, 210, 18.15%, 16, 113, 3, 184.71
1437629868, 0, 808, 1568, 1452, 210, 18.15%, 16, 113, 3, 184.38
1437630183, 0, 811, 1568, 1451, 209, 18.15%, 16, 113, 3, 218.54
1437630208, 0, 811, 1568, 1451, 209, 18.15%, 16, 114, 3, 97.91
1437630514, 0, 812, 1568, 1450, 208, 18.15%, 16, 114, 3, 230.23
1437630768, 0, 812, 1568, 1450, 208, 18.15%, 16, 115, 3, 252.59
1437630819, 0, 815, 1568, 1449, 207, 18.15%, 16, 115, 3, 260.40
1437630992, 0, 815, 1568, 1449, 207, 18.15%, 16, 116, 3, 226.65
1437631120, 0, 816, 1568, 1448, 206, 18.15%, 16, 116, 3, 211.68
1437631177, 0, 816, 1568, 1448, 206, 18.15%, 16, 117, 3, 211.93
1437631192, 0, 816, 1568, 1448, 206, 18.15%, 16, 118, 3, 194.81
1437631426, 0, 817, 1568, 1447, 205, 18.15%, 16, 118, 3, 229.51
1437631746, 0, 818, 1568, 1446, 204, 18.15%, 16, 118, 3, 250.57
1437631898, 0, 818, 1568, 1446, 204, 18.15%, 16, 119, 3, 209.19
1437632046, 0, 821, 1568, 1445, 203, 18.15%, 16, 119, 3, 244.20
1437632051, 0, 821, 1568, 1445, 203, 18.15%, 16, 120, 3, 214.84
1437632341, 0, 825, 1568, 1444, 202, 18.15%, 16, 120, 3, 256.58
1437632479, 0, 825, 1568, 1444, 202, 18.15%, 16, 121, 3, 204.92
1437632642, 0, 826, 1568, 1443, 201, 18.15%, 16, 122, 3, 238.10
1437632739, 0, 826, 1568, 1443, 201, 18.15%, 16, 123, 3, 227.02
1437632806, 0, 826, 1569, 1444, 201, 18.15%, 16, 123, 3, 257.43
1437632842, 0, 829, 1569, 1443, 201, 18.15%, 16, 123, 3, 302.52
1437633137, 0, 831, 1569, 1442, 200, 18.15%, 16, 123, 3, 302.82
1437633142, 0, 831, 1570, 1443, 200, 18.15%, 16, 123, 3, 232.31
1437633367, 0, 831, 1570, 1443, 200, 18.15%, 16, 124, 3, 213.88
1437633438, 0, 844, 1571, 1443, 199, 18.15%, 16, 124, 3, 244.42
1437633489, 0, 844, 1572, 1444, 199, 18.15%, 16, 124, 3, 235.26
1437633519, 0, 844, 1572, 1444, 199, 18.15%, 16, 125, 3, 184.51
1437633560, 0, 844, 1572, 1444, 199, 18.15%, 16, 126, 3, 208.73
1437633663, 0, 850, 1572, 1443, 199, 18.15%, 16, 126, 3, 316.36
1437633816, 0, 880, 1572, 1442, 198, 18.15%, 16, 127, 3, 65.39
1437633821, 0, 880, 1574, 1444, 198, 18.15%, 16, 127, 3, 110.17
1437633868, 0, 880, 1575, 1445, 198, 18.15%, 16, 127, 3, 213.82
1437633903, 0, 880, 1576, 1446, 198, 18.15%, 16, 127, 3, 256.50
1437634168, 0, 880, 1577, 1447, 198, 18.15%, 16, 127, 3, 239.35
1437634270, 0, 880, 1578, 1448, 198, 18.16%, 16, 127, 3, 223.23
1437634342, 0, 891, 1578, 1447, 200, 18.16%, 16, 127, 3, 318.62
1437634486, 0, 892, 1578, 1446, 199, 18.16%, 16, 127, 3, 323.28
1437634496, 0, 892, 1578, 1446, 199, 18.16%, 16, 128, 3, 319.88
1437634598, 0, 898, 1579, 1446, 198, 18.17%, 16, 128, 3, 205.82
1437634608, 0, 898, 1580, 1447, 198, 18.17%, 16, 128, 3, 167.70
1437634629, 0, 898, 1580, 1447, 198, 18.17%, 16, 129, 3, 162.33
1437634639, 0, 898, 1580, 1447, 198, 18.17%, 16, 130, 3, 162.62
1437634659, 0, 898, 1580, 1447, 198, 18.17%, 16, 131, 3, 164.54
1437634730, 0, 898, 1580, 1447, 198, 18.17%, 16, 132, 3, 151.36
1437634776, 0, 905, 1580, 1446, 199, 18.17%, 16, 132, 3, 257.24
1437634791, 0, 906, 1580, 1445, 198, 18.17%, 16, 132, 3, 282.89
1437634796, 0, 906, 1581, 1446, 198, 18.17%, 16, 132, 4, 339.31
1437634801, 0, 906, 1582, 1447, 198, 18.17%, 16, 132, 4, 342.77
1437634807, 0, 906, 1584, 1449, 198, 18.17%, 16, 132, 4, 300.52
1437634843, 0, 906, 1585, 1450, 198, 18.18%, 16, 132, 4, 290.51
1437634884, 0, 906, 1586, 1451, 198, 18.18%, 16, 132, 4, 294.19
1437635360, 0, 907, 1586, 1450, 199, 18.18%, 16, 132, 4, 296.34
1437635365, 0, 907, 1588, 1452, 199, 18.18%, 16, 132, 4, 294.26
1437635370, 0, 907, 1588, 1452, 199, 18.18%, 16, 133, 4, 285.66
1437635375, 0, 907, 1589, 1453, 199, 18.18%, 16, 133, 4, 286.43
1437635380, 0, 907, 1591, 1455, 199, 18.18%, 16, 133, 4, 281.88
1437635385, 0, 907, 1592, 1456, 199, 18.18%, 16, 134, 4, 281.44
1437635420, 0, 907, 1595, 1459, 199, 18.21%, 16, 134, 4, 281.14
1437635436, 0, 907, 1596, 1460, 199, 18.21%, 16, 134, 4, 284.03
1437635461, 0, 907, 1597, 1461, 199, 18.21%, 16, 134, 4, 271.70
1437635487, 0, 907, 1598, 1462, 199, 18.21%, 16, 134, 4, 269.62
1437635508, 0, 907, 1599, 1463, 199, 18.23%, 16, 134, 4, 270.74
1437635518, 0, 907, 1600, 1464, 199, 18.23%, 16, 134, 4, 278.95
1437635523, 0, 907, 1601, 1465, 199, 18.23%, 16, 134, 4, 281.81
1437635528, 0, 907, 1601, 1465, 199, 18.23%, 16, 135, 4, 281.68
1437635543, 0, 907, 1602, 1466, 199, 18.23%, 16, 135, 4, 284.69
1437635548, 0, 907, 1603, 1467, 199, 18.23%, 16, 135, 4, 283.93
1437635558, 0, 907, 1604, 1468, 199, 18.23%, 16, 135, 4, 285.18
1437635579, 0, 907, 1605, 1469, 199, 18.23%, 16, 135, 4, 268.92
1437635600, 0, 907, 1606, 1470, 199, 18.24%, 16, 135, 4, 266.77
1437635646, 0, 907, 1607, 1471, 199, 18.24%, 16, 135, 4, 268.35
1437635676, 0, 907, 1607, 1471, 199, 18.24%, 16, 136, 4, 281.31
1437635702, 0, 907, 1608, 1472, 199, 18.24%, 16, 136, 4, 283.91
1437635807, 0, 907, 1610, 1474, 199, 18.24%, 16, 136, 4, 284.32
1437635818, 0, 907, 1612, 1476, 199, 18.24%, 16, 136, 4, 283.48
1437635828, 0, 907, 1613, 1477, 199, 18.24%, 16, 136, 4, 282.51
1437635893, 0, 907, 1613, 1477, 199, 18.24%, 16, 137, 4, 283.39
1437635918, 0, 907, 1614, 1478, 199, 18.25%, 16, 137, 4, 285.28
1437635938, 0, 909, 1614, 1477, 204, 18.25%, 16, 137, 4, 319.51
1437635959, 0, 910, 1614, 1476, 203, 18.25%, 16, 137, 4, 304.03
1437635979, 0, 914, 1614, 1475, 202, 18.25%, 16, 137, 4, 285.95
1437636000, 0, 916, 1614, 1474, 201, 18.25%, 16, 137, 4, 321.74
1437636010, 0, 916, 1615, 1475, 201, 18.25%, 16, 137, 4, 295.58
1437636041, 0, 918, 1615, 1474, 200, 18.25%, 16, 137, 4, 307.71
1437636056, 0, 918, 1616, 1475, 200, 18.25%, 16, 137, 4, 282.34
1437636071, 0, 918, 1617, 1476, 200, 18.25%, 16, 137, 4, 282.17
1437636112, 0, 919, 1617, 1475, 199, 18.25%, 16, 137, 4, 36.77
1437636117, 0, 919, 1617, 1475, 199, 18.25%, 16, 138, 4, 1.16
1437636164, 0, 919, 1619, 1477, 199, 18.25%, 16, 138, 4, 27.73
1437636169, 0, 919, 1619, 1477, 199, 18.25%, 16, 139, 4, 40.91
1437636179, 0, 919, 1619, 1477, 199, 18.25%, 16, 140, 4, 130.48
1437636184, 0, 919, 1619, 1477, 199, 18.25%, 16, 141, 4, 141.25
1437636190, 0, 919, 1623, 1481, 199, 18.25%, 16, 141, 4, 161.19
1437636195, 0, 919, 1623, 1481, 199, 18.25%, 16, 142, 4, 133.79
1437636210, 0, 919, 1623, 1481, 199, 18.25%, 16, 143, 4, 178.04
1437636221, 0, 919, 1623, 1481, 199, 18.25%, 16, 144, 4, 21.36
1437636241, 0, 919, 1623, 1481, 199, 18.25%, 16, 146, 4, 97.64
1437636257, 0, 919, 1624, 1482, 199, 18.25%, 16, 146, 4, 127.00
1437636272, 0, 919, 1625, 1483, 199, 18.25%, 16, 147, 4, 144.24
1437636277, 0, 919, 1626, 1484, 199, 18.25%, 16, 147, 4, 146.28
1437636303, 0, 919, 1626, 1484, 199, 18.25%, 16, 148, 4, 140.49
1437636314, 0, 919, 1626, 1484, 199, 18.25%, 16, 149, 4, 148.15
1437636319, 0, 919, 1627, 1485, 199, 18.25%, 16, 149, 4, 136.71
1437636334, 0, 919, 1627, 1485, 199, 18.25%, 16, 150, 4, 137.10
1437636349, 0, 919, 1627, 1485, 199, 18.25%, 16, 151, 4, 139.27
1437636360, 0, 919, 1628, 1486, 199, 18.25%, 16, 151, 4, 123.35
1437636375, 0, 919, 1629, 1487, 199, 18.25%, 16, 151, 4, 133.14
1437636380, 0, 919, 1630, 1488, 199, 18.25%, 16, 151, 4, 144.43
1437636385, 0, 919, 1631, 1489, 199, 18.25%, 16, 151, 4, 135.18
1437636396, 0, 919, 1632, 1490, 199, 18.25%, 16, 151, 4, 135.68
1437636432, 0, 919, 1633, 1491, 199, 18.25%, 16, 153, 4, 147.08
1437636458, 0, 919, 1634, 1492, 199, 18.25%, 16, 153, 4, 140.94
1437636499, 0, 919, 1635, 1493, 199, 18.25%, 16, 153, 4, 146.27
1437636514, 0, 919, 1636, 1494, 199, 18.25%, 16, 153, 4, 147.42
1437636519, 0, 919, 1637, 1495, 199, 18.26%, 16, 153, 4, 146.06
1437636524, 0, 919, 1639, 1497, 199, 18.26%, 16, 153, 4, 147.34
1437636555, 0, 919, 1640, 1498, 199, 18.26%, 16, 153, 4, 157.22
1437636575, 0, 919, 1641, 1499, 199, 18.26%, 16, 153, 4, 133.12
1437636591, 0, 919, 1641, 1499, 199, 18.26%, 16, 154, 4, 136.91
1437636596, 0, 919, 1642, 1500, 199, 18.27%, 16, 154, 4, 144.77
1437636616, 0, 919, 1642, 1500, 199, 18.27%, 16, 155, 4, 148.35
1437636657, 0, 919, 1643, 1501, 199, 18.27%, 16, 155, 4, 16.34
1437636673, 0, 919, 1644, 1502, 199, 18.27%, 16, 155, 4, 157.91
1437636678, 0, 919, 1645, 1503, 199, 18.27%, 16, 155, 4, 137.54
1437636693, 0, 919, 1646, 1504, 199, 18.27%, 16, 155, 4, 135.22
1437636719, 0, 919, 1648, 1506, 199, 18.27%, 16, 155, 4, 147.12
1437636724, 0, 919, 1648, 1506, 199, 18.27%, 16, 156, 4, 132.66
1437636734, 0, 919, 1649, 1507, 199, 18.27%, 16, 156, 4, 137.97
1437636776, 0, 919, 1650, 1508, 199, 18.27%, 16, 156, 4, 162.26
1437636786, 0, 919, 1651, 1509, 199, 18.27%, 16, 156, 4, 143.31
1437636806, 0, 919, 1652, 1510, 199, 18.27%, 16, 156, 4, 146.29
1437636832, 0, 919, 1653, 1511, 199, 18.27%, 16, 156, 4, 142.61
1437636852, 0, 919, 1654, 1512, 199, 18.27%, 16, 156, 4, 142.44
1437636862, 0, 919, 1654, 1512, 199, 18.27%, 16, 157, 4, 142.61
1437636898, 0, 919, 1655, 1513, 199, 18.27%, 16, 157, 4, 136.53
1437636918, 0, 919, 1656, 1514, 199, 18.27%, 16, 157, 4, 148.25
1437636969, 0, 919, 1657, 1515, 199, 18.27%, 16, 157, 4, 135.16
1437637097, 0, 919, 1659, 1517, 199, 18.27%, 16, 157, 4, 152.03
1437637128, 0, 919, 1660, 1518, 199, 18.27%, 16, 157, 4, 146.16
1437637140, 0, 919, 1661, 1519, 199, 18.28%, 16, 157, 4, 126.72
1437637150, 0, 919, 1661, 1519, 199, 18.28%, 16, 158, 4, 25.42
1437637176, 0, 919, 1662, 1520, 199, 18.28%, 16, 158, 4, 137.38
1437637227, 0, 919, 1663, 1521, 199, 18.28%, 16, 158, 4, 143.30
1437637237, 0, 919, 1664, 1522, 199, 18.28%, 16, 158, 4, 138.70
1437637283, 0, 919, 1665, 1523, 199, 18.28%, 16, 158, 4, 133.95
1437637334, 0, 919, 1666, 1524, 199, 18.28%, 16, 158, 4, 139.48
1437637339, 0, 919, 1667, 1525, 199, 18.28%, 16, 158, 4, 146.32
1437637354, 0, 922, 1668, 1525, 200, 18.28%, 16, 158, 4, 283.72
1437637380, 0, 926, 1670, 1526, 199, 18.28%, 16, 158, 4, 262.12
1437637400, 0, 926, 1671, 1527, 199, 18.28%, 16, 158, 4, 274.47
1437637420, 0, 929, 1671, 1526, 200, 18.28%, 16, 158, 4, 276.21
1437637441, 0, 930, 1671, 1525, 199, 18.28%, 16, 158, 4, 299.98
1437637461, 0, 931, 1671, 1524, 198, 18.28%, 16, 158, 4, 268.33
1437637481, 0, 933, 1671, 1523, 197, 18.28%, 16, 158, 4, 270.20
1437637502, 0, 946, 1671, 1522, 196, 18.28%, 16, 158, 4, 266.04
1437637523, 0, 947, 1671, 1521, 195, 18.28%, 16, 158, 4, 266.78
1437637543, 0, 951, 1671, 1520, 194, 18.28%, 16, 158, 4, 279.29
1437637564, 0, 952, 1671, 1519, 193, 18.28%, 16, 158, 4, 272.16
1437637584, 0, 953, 1671, 1518, 192, 18.28%, 16, 158, 4, 286.04
1437637605, 0, 954, 1671, 1517, 191, 18.28%, 16, 158, 4, 299.53
1437637625, 0, 957, 1671, 1516, 190, 18.28%, 16, 158, 4, 295.49
1437637630, 0, 957, 1674, 1519, 190, 18.37%, 16, 158, 4, 322.82
1437637635, 0, 957, 1675, 1520, 190, 18.38%, 16, 158, 4, 299.83
1437637650, 0, 957, 1676, 1521, 190, 18.39%, 16, 158, 4, 283.51
1437637660, 0, 957, 1677, 1522, 190, 18.40%, 16, 158, 4, 285.19
1437637706, 0, 957, 1680, 1525, 190, 18.40%, 16, 158, 4, 274.68
1437637717, 0, 957, 1681, 1526, 190, 18.40%, 16, 158, 4, 275.09
1437637742, 0, 957, 1682, 1527, 190, 18.40%, 16, 158, 4, 276.68
1437637752, 0, 957, 1683, 1528, 190, 18.40%, 16, 158, 4, 275.67
1437637778, 0, 957, 1684, 1529, 190, 18.40%, 16, 158, 4, 273.78
1437637834, 0, 957, 1685, 1530, 190, 18.41%, 16, 158, 4, 274.64
1437637875, 0, 957, 1686, 1531, 190, 18.41%, 16, 158, 4, 276.46
1437637915, 0, 957, 1687, 1532, 190, 18.41%, 16, 158, 4, 276.03
1437637935, 0, 957, 1688, 1533, 190, 18.41%, 16, 158, 4, 274.67
1437637961, 0, 957, 1690, 1535, 190, 18.46%, 16, 158, 4, 277.93
1437637991, 0, 957, 1691, 1536, 190, 18.46%, 16, 158, 4, 288.57
1437638048, 0, 957, 1692, 1537, 190, 18.46%, 16, 158, 4, 285.33
1437638105, 0, 957, 1693, 1538, 190, 18.47%, 16, 158, 4, 283.81
1437638135, 0, 957, 1694, 1539, 190, 18.47%, 16, 158, 4, 270.19
1437638170, 0, 957, 1694, 1539, 190, 18.47%, 17, 158, 4, 284.63
1437638206, 0, 959, 1697, 1541, 200, 18.47%, 17, 158, 4, 303.49
1437638226, 0, 962, 1697, 1540, 200, 18.47%, 17, 158, 4, 260.60
1437638246, 0, 963, 1697, 1539, 199, 18.47%, 17, 158, 4, 267.71
1437638272, 0, 964, 1697, 1538, 198, 18.47%, 17, 158, 4, 244.16
1437638287, 0, 964, 1699, 1540, 198, 18.47%, 17, 158, 4, 263.26
1437638354, 0, 965, 1699, 1539, 197, 18.47%, 17, 158, 4, 250.24
1437638369, 0, 965, 1700, 1540, 197, 18.47%, 17, 158, 4, 266.06
1437638395, 0, 967, 1700, 1539, 196, 18.47%, 17, 158, 4, 261.22
1437638420, 0, 969, 1700, 1538, 195, 18.47%, 17, 158, 4, 258.59
1437638446, 0, 969, 1701, 1539, 195, 18.47%, 17, 158, 4, 262.34
1437638456, 0, 969, 1702, 1540, 195, 18.47%, 17, 158, 4, 262.91
1437638502, 0, 969, 1703, 1541, 195, 18.47%, 17, 158, 4, 261.91
1437638527, 0, 969, 1704, 1542, 195, 18.47%, 17, 158, 4, 260.29
1437638648, 0, 969, 1705, 1543, 195, 18.47%, 17, 158, 4, 266.12
1437638664, 0, 969, 1706, 1544, 195, 18.47%, 17, 158, 4, 265.46
1437638757, 0, 969, 1707, 1545, 195, 18.47%, 17, 158, 4, 265.36
1437639012, 0, 969, 1708, 1546, 195, 18.47%, 17, 158, 4, 258.98
1437639032, 0, 969, 1709, 1547, 195, 18.47%, 17, 158, 4, 260.36
1437639037, 0, 970, 1709, 1546, 194, 18.47%, 17, 158, 4, 252.96
1437639058, 0, 970, 1709, 1546, 194, 18.47%, 17, 159, 4, 248.54
1437639068, 0, 970, 1710, 1547, 194, 18.47%, 17, 159, 4, 254.07
1437639078, 0, 970, 1711, 1548, 194, 18.47%, 17, 159, 4, 255.38
1437639083, 0, 970, 1712, 1549, 194, 18.47%, 17, 159, 4, 255.36
1437639124, 0, 970, 1713, 1550, 194, 18.47%, 17, 159, 4, 255.08
1437639144, 0, 970, 1714, 1551, 194, 18.47%, 17, 159, 4, 257.15
1437639185, 0, 970, 1715, 1552, 194, 18.47%, 17, 159, 4, 252.36
1437639241, 0, 970, 1716, 1553, 194, 18.47%, 17, 159, 4, 250.47
1437639393, 0, 970, 1717, 1554, 194, 18.47%, 17, 159, 4, 239.31
1437639444, 0, 970, 1718, 1555, 194, 18.47%, 17, 159, 4, 244.12
1437639607, 0, 970, 1719, 1556, 194, 18.47%, 17, 159, 4, 249.24
1437639688, 0, 970, 1720, 1557, 194, 18.47%, 17, 159, 4, 256.59
1437639693, 0, 971, 1720, 1556, 193, 18.47%, 17, 159, 4, 253.77
1437639714, 0, 973, 1720, 1555, 192, 18.47%, 17, 159, 4, 241.22
1437639739, 0, 975, 1720, 1554, 191, 18.47%, 17, 159, 4, 253.65
1437639765, 0, 977, 1720, 1553, 190, 18.47%, 17, 159, 4, 250.79
1437639790, 0, 980, 1720, 1552, 189, 18.47%, 17, 159, 4, 256.97
1437639810, 0, 981, 1720, 1551, 188, 18.47%, 17, 159, 4, 255.54
1437639835, 0, 983, 1720, 1550, 187, 18.47%, 17, 159, 4, 242.37
1437639851, 0, 983, 1720, 1550, 187, 18.47%, 17, 160, 4, 223.22
1437639871, 0, 985, 1720, 1549, 186, 18.47%, 17, 160, 4, 223.98
1437639881, 0, 985, 1720, 1549, 186, 18.47%, 17, 161, 4, 24.61
1437639896, 0, 987, 1720, 1548, 185, 18.47%, 17, 161, 4, 239.53
1437639901, 0, 987, 1720, 1548, 185, 18.47%, 17, 162, 4, 236.66
1437640064, 0, 988, 1720, 1547, 184, 18.47%, 17, 162, 4, 273.34
1437640084, 0, 988, 1720, 1547, 184, 18.47%, 17, 163, 4, 220.26
1437640228, 0, 988, 1721, 1548, 184, 18.47%, 17, 163, 4, 305.31
1437640248, 0, 993, 1721, 1547, 183, 18.47%, 17, 163, 4, 310.31
1437640329, 0, 1001, 1721, 1546, 183, 18.47%, 17, 163, 4, 266.34
1437640391, 0, 1001, 1721, 1546, 183, 18.47%, 17, 164, 4, 208.18
1437640503, 0, 1005, 1721, 1545, 182, 18.47%, 17, 164, 4, 267.96
1437640523, 0, 1005, 1721, 1545, 182, 18.47%, 17, 165, 4, 237.06
1437640636, 0, 1005, 1721, 1545, 182, 18.47%, 17, 166, 4, 283.52
1437640681, 0, 1006, 1721, 1544, 181, 18.47%, 17, 166, 4, 318.09
1437640686, 0, 1006, 1722, 1545, 181, 18.47%, 17, 166, 4, 347.05
1437640691, 0, 1006, 1723, 1546, 181, 18.47%, 17, 166, 4, 361.66
1437640701, 0, 1006, 1725, 1548, 181, 18.48%, 17, 166, 4, 363.28
1437640717, 0, 1006, 1726, 1549, 181, 18.48%, 17, 166, 4, 302.19
1437640742, 0, 1008, 1726, 1548, 185, 18.48%, 17, 166, 4, 281.31
1437640859, 0, 1009, 1726, 1547, 184, 18.48%, 17, 166, 4, 263.76
1437641017, 0, 1009, 1727, 1548, 184, 18.48%, 17, 166, 4, 304.90
1437641047, 0, 1010, 1727, 1547, 183, 18.48%, 17, 166, 4, 51.41
1437641053, 0, 1010, 1727, 1547, 183, 18.48%, 17, 167, 4, 175.64
1437641272, 0, 1013, 1727, 1546, 182, 18.48%, 17, 167, 4, 245.93
1437641394, 0, 1013, 1728, 1547, 182, 18.48%, 17, 167, 4, 194.69
1437641471, 0, 1013, 1728, 1547, 182, 18.48%, 17, 168, 4, 272.73
1437641511, 0, 1018, 1728, 1546, 181, 18.48%, 17, 168, 4, 251.21
1437641521, 0, 1018, 1728, 1546, 181, 18.48%, 18, 168, 4, 274.52
1437641552, 0, 1018, 1728, 1546, 181, 18.48%, 18, 169, 4, 241.61
1437641557, 0, 1018, 1728, 1546, 181, 18.48%, 20, 169, 4, 266.06
1437641567, 0, 1018, 1728, 1546, 181, 18.48%, 21, 169, 4, 270.73
1437641582, 0, 1018, 1728, 1546, 181, 18.48%, 23, 169, 4, 262.07
1437641612, 0, 1020, 1728, 1545, 180, 18.48%, 23, 169, 4, 268.42
1437641658, 0, 1020, 1728, 1545, 180, 18.48%, 23, 170, 4, 252.47
1437641668, 0, 1023, 1728, 1544, 179, 18.48%, 23, 170, 4, 178.60
1437641720, 0, 1023, 1728, 1544, 179, 18.48%, 23, 171, 4, 70.43
1437641957, 0, 1023, 1729, 1545, 179, 18.48%, 23, 171, 4, 109.86
1437642003, 0, 1024, 1729, 1544, 179, 18.48%, 23, 171, 4, 182.45
1437642058, 0, 1025, 1729, 1543, 178, 18.48%, 23, 171, 4, 269.92
1437642073, 0, 1025, 1729, 1543, 178, 18.48%, 23, 176, 4, 284.77
1437642078, 0, 1025, 1729, 1543, 178, 18.48%, 23, 179, 4, 266.19
1437642084, 0, 1025, 1729, 1543, 178, 18.48%, 23, 180, 4, 264.18
1437642094, 0, 1025, 1730, 1544, 178, 18.63%, 23, 180, 4, 198.19
1437642109, 0, 1025, 1730, 1544, 178, 18.63%, 23, 181, 4, 249.29
1437642119, 0, 1027, 1730, 1543, 178, 18.63%, 23, 181, 4, 290.53
1437642150, 0, 1027, 1730, 1543, 178, 18.63%, 24, 181, 4, 249.66
1437642155, 0, 1028, 1730, 1542, 177, 18.63%, 24, 181, 4, 162.10
1437642190, 0, 1028, 1730, 1542, 177, 18.63%, 24, 182, 4, 140.15
1437642231, 0, 1029, 1737, 1548, 176, 18.64%, 24, 185, 4, 182.50
1437642236, 0, 1029, 1743, 1554, 176, 18.67%, 24, 188, 4, 14.34
1437642241, 0, 1029, 1750, 1561, 176, 18.89%, 24, 188, 4, 122.62
1437642246, 0, 1029, 1757, 1568, 176, 19.07%, 24, 189, 4, 65.42
1437642253, 0, 1029, 1758, 1569, 176, 19.07%, 24, 192, 4, 2.13
1437642258, 0, 1029, 1759, 1570, 176, 19.09%, 24, 192, 4, 118.36
1437642268, 0, 1029, 1762, 1573, 176, 19.15%, 24, 192, 4, 98.09
1437642275, 0, 1029, 1766, 1577, 176, 19.52%, 24, 193, 4, 2.75
1437642280, 0, 1029, 1771, 1582, 176, 19.92%, 24, 193, 4, 38.26
1437642285, 0, 1029, 1775, 1586, 176, 19.98%, 24, 195, 4, 90.57
1437642290, 0, 1029, 1781, 1592, 176, 20.06%, 24, 195, 4, 115.79
1437642295, 0, 1029, 1792, 1603, 176, 20.12%, 24, 196, 4, 16.81
1437642300, 0, 1029, 1796, 1607, 176, 20.14%, 24, 196, 4, 16.90
1437642306, 0, 1029, 1803, 1614, 176, 20.34%, 24, 196, 4, 144.57
1437642311, 0, 1029, 1804, 1615, 176, 20.34%, 25, 196, 4, 4.68
1437642316, 0, 1029, 1806, 1617, 176, 20.34%, 25, 198, 4, 3.71
1437642322, 0, 1029, 1807, 1618, 176, 20.34%, 25, 201, 4, 148.51
1437642332, 0, 1029, 1807, 1618, 176, 20.34%, 25, 203, 4, 245.31
1437642337, 0, 1029, 1808, 1619, 176, 20.35%, 25, 206, 4, 276.22
1437642342, 0, 1029, 1808, 1619, 176, 20.35%, 25, 207, 4, 238.54
1437642347, 0, 1029, 1811, 1622, 176, 20.42%, 25, 207, 4, 208.83
1437642352, 0, 1029, 1812, 1623, 176, 20.43%, 25, 208, 4, 206.06
1437642357, 0, 1029, 1814, 1625, 176, 20.47%, 25, 208, 4, 208.37
1437642362, 0, 1029, 1816, 1627, 176, 20.48%, 25, 208, 4, 201.56
1437642368, 0, 1029, 1817, 1628, 176, 20.50%, 25, 208, 4, 229.59
1437642378, 0, 1029, 1817, 1628, 176, 20.50%, 25, 209, 4, 214.30
1437642383, 0, 1029, 1818, 1629, 176, 20.55%, 25, 210, 4, 219.44
1437642388, 0, 1029, 1820, 1631, 176, 20.59%, 25, 210, 4, 245.38
1437642393, 0, 1029, 1822, 1633, 176, 20.61%, 25, 210, 4, 218.04
1437642398, 0, 1029, 1823, 1634, 176, 20.62%, 25, 211, 4, 230.44
1437642404, 0, 1029, 1825, 1636, 176, 20.66%, 25, 211, 4, 19.25
1437642409, 0, 1029, 1826, 1637, 176, 20.68%, 25, 212, 4, 242.60
1437642414, 0, 1029, 1826, 1637, 176, 20.68%, 25, 213, 4, 133.13
1437642420, 0, 1029, 1827, 1638, 176, 20.69%, 25, 213, 4, 242.43
1437642430, 0, 1029, 1828, 1639, 176, 20.69%, 25, 213, 4, 267.64
1437642435, 0, 1029, 1828, 1639, 176, 20.69%, 25, 214, 4, 232.67
1437642440, 0, 1029, 1829, 1640, 176, 20.72%, 25, 214, 4, 223.35
1437642445, 0, 1029, 1830, 1641, 176, 20.73%, 25, 215, 4, 229.66
1437642456, 0, 1029, 1831, 1642, 176, 20.73%, 25, 215, 4, 242.93
1437642461, 0, 1029, 1832, 1643, 176, 20.73%, 25, 215, 4, 235.47
1437642471, 0, 1029, 1834, 1645, 176, 20.75%, 25, 216, 4, 174.18
1437642476, 0, 1029, 1835, 1646, 176, 20.75%, 25, 216, 4, 230.82
1437642481, 0, 1029, 1836, 1647, 176, 20.81%, 25, 216, 4, 35.45
1437642497, 0, 1029, 1836, 1647, 176, 20.81%, 25, 219, 4, 23.24
1437642502, 0, 1029, 1837, 1648, 176, 20.92%, 25, 219, 4, 222.31
1437642507, 0, 1029, 1839, 1650, 176, 20.92%, 25, 220, 4, 210.41
1437642517, 0, 1029, 1841, 1652, 176, 20.94%, 25, 220, 4, 21.31
1437642528, 0, 1029, 1842, 1653, 176, 20.96%, 25, 221, 4, 133.63
1437642538, 0, 1029, 1842, 1653, 176, 20.96%, 25, 222, 4, 243.65
1437642543, 0, 1029, 1843, 1654, 176, 20.96%, 25, 222, 4, 238.98
1437642558, 0, 1029, 1845, 1656, 176, 20.98%, 25, 223, 4, 215.04
1437642565, 0, 1029, 1847, 1658, 176, 21.03%, 25, 223, 4, 4.62
1437642570, 0, 1029, 1847, 1658, 176, 21.03%, 25, 224, 4, 39.76
1437642575, 0, 1029, 1847, 1658, 176, 21.03%, 25, 225, 4, 234.32
1437642580, 0, 1029, 1849, 1660, 176, 21.08%, 25, 225, 4, 245.15
1437642585, 0, 1029, 1850, 1661, 176, 21.08%, 25, 226, 4, 272.79
1437642595, 0, 1029, 1850, 1661, 176, 21.08%, 25, 228, 4, 274.38
1437642600, 0, 1029, 1850, 1661, 176, 21.08%, 25, 229, 4, 210.00
1437642605, 0, 1029, 1851, 1662, 176, 21.08%, 25, 229, 4, 174.51
1437642611, 0, 1029, 1852, 1663, 176, 21.10%, 25, 229, 4, 222.34
1437642621, 0, 1029, 1853, 1664, 176, 21.10%, 25, 229, 4, 253.72
1437642631, 0, 1029, 1853, 1664, 176, 21.10%, 25, 230, 4, 228.51
1437642636, 0, 1029, 1854, 1665, 176, 21.13%, 25, 230, 4, 220.85
1437642641, 0, 1029, 1855, 1666, 176, 21.13%, 25, 230, 4, 152.09
1437642652, 0, 1029, 1856, 1667, 176, 21.15%, 25, 231, 4, 229.56
1437642657, 0, 1029, 1856, 1667, 176, 21.15%, 25, 232, 4, 239.11
1437642662, 0, 1029, 1857, 1668, 176, 21.17%, 25, 232, 4, 241.72
1437642677, 0, 1029, 1859, 1670, 176, 21.19%, 25, 232, 4, 229.39
1437642683, 0, 1029, 1860, 1671, 176, 21.21%, 25, 232, 4, 14.58
1437642688, 0, 1029, 1862, 1673, 176, 21.22%, 25, 232, 4, 241.83
1437642693, 0, 1029, 1863, 1674, 176, 21.27%, 25, 233, 4, 238.30
1437642703, 0, 1029, 1863, 1674, 176, 21.27%, 25, 234, 4, 217.13
1437642708, 0, 1029, 1864, 1675, 176, 21.29%, 25, 234, 4, 32.30
1437642734, 0, 1029, 1864, 1675, 176, 21.29%, 25, 235, 4, 142.73
1437642744, 0, 1029, 1865, 1676, 176, 21.33%, 25, 235, 4, 188.17
1437642754, 0, 1029, 1866, 1677, 176, 21.33%, 25, 235, 4, 174.79
1437642759, 0, 1029, 1867, 1678, 176, 21.33%, 25, 235, 4, 44.92
1437642764, 0, 1029, 1868, 1679, 176, 21.33%, 25, 235, 4, 281.33
1437642785, 0, 1029, 1869, 1680, 176, 21.34%, 25, 236, 4, 181.83
1437642790, 0, 1029, 1870, 1681, 176, 21.36%, 25, 236, 4, 196.47
1437642815, 0, 1029, 1873, 1684, 176, 21.37%, 25, 236, 4, 194.03
1437642826, 0, 1029, 1873, 1684, 176, 21.37%, 25, 237, 4, 33.90
