# unix_time, cycles_done, cur_path, paths_total, pending_total, pending_favs, map_size, unique_crashes, unique_hangs, max_depth, execs_per_sec
1437084512, 0, 0, 258, 258, 37, 6.65%, 0, 0, 1, 322.26
1437084517, 0, 0, 260, 260, 37, 6.68%, 0, 0, 2, 320.97
1437084522, 0, 0, 261, 261, 37, 6.69%, 0, 0, 2, 320.23
1437084537, 0, 0, 262, 262, 37, 6.75%, 0, 0, 2, 319.80
1437084543, 0, 0, 263, 263, 37, 6.75%, 0, 0, 2, 319.67
1437084548, 0, 0, 264, 264, 37, 6.75%, 0, 0, 2, 320.04
1437084563, 0, 0, 265, 265, 37, 6.75%, 0, 0, 2, 320.06
1437084568, 0, 0, 266, 266, 37, 7.15%, 0, 0, 2, 309.44
1437084573, 0, 0, 267, 267, 37, 7.22%, 0, 0, 2, 318.12
1437084579, 0, 0, 268, 268, 37, 7.23%, 0, 0, 2, 320.29
1437084589, 0, 0, 269, 269, 37, 7.25%, 0, 0, 2, 312.85
1437084599, 0, 0, 270, 270, 37, 7.25%, 0, 0, 2, 319.38
1437084620, 0, 0, 271, 271, 37, 7.30%, 0, 0, 2, 319.37
1437084625, 0, 0, 272, 272, 37, 7.30%, 0, 0, 2, 319.60
1437084635, 0, 0, 273, 273, 37, 7.30%, 0, 0, 2, 319.95
1437084656, 0, 0, 274, 274, 37, 7.35%, 0, 0, 2, 319.28
1437084661, 0, 0, 275, 275, 37, 7.36%, 0, 0, 2, 320.60
1437084702, 0, 0, 276, 276, 37, 7.68%, 0, 0, 2, 312.92
1437084749, 0, 0, 277, 277, 37, 7.73%, 0, 0, 2, 319.49
1437084754, 0, 0, 278, 278, 37, 7.76%, 0, 0, 2, 295.68
1437084774, 0, 0, 279, 279, 37, 7.76%, 0, 0, 2, 320.03
1437084795, 0, 0, 280, 280, 37, 7.77%, 0, 0, 2, 318.52
1437084816, 0, 0, 282, 282, 37, 7.77%, 0, 0, 2, 316.76
1437084821, 0, 0, 283, 283, 37, 7.78%, 0, 0, 2, 302.40
1437084831, 0, 0, 284, 284, 37, 7.79%, 0, 0, 2, 319.00
1437084836, 0, 0, 285, 285, 37, 7.80%, 0, 0, 2, 319.68
1437084857, 0, 0, 286, 286, 37, 7.80%, 0, 0, 2, 319.64
1437084867, 0, 0, 287, 287, 37, 7.84%, 0, 0, 2, 318.30
1437084873, 0, 0, 288, 288, 37, 7.84%, 0, 0, 2, 318.77
1437084919, 0, 0, 289, 289, 37, 7.86%, 0, 0, 2, 317.80
1437084929, 0, 0, 290, 290, 37, 7.86%, 0, 0, 2, 306.87
1437084935, 0, 0, 292, 292, 37, 7.86%, 0, 0, 2, 305.45
1437085002, 0, 0, 293, 293, 37, 7.87%, 0, 0, 2, 319.21
1437085022, 0, 16, 298, 297, 58, 7.94%, 0, 0, 2, 363.24
1437085028, 0, 16, 302, 301, 58, 7.99%, 0, 0, 2, 398.60
1437085038, 0, 16, 303, 302, 58, 7.99%, 0, 0, 2, 415.63
1437085043, 0, 16, 313, 312, 58, 8.00%, 0, 0, 2, 399.54
1437085048, 0, 16, 324, 323, 58, 8.00%, 0, 0, 2, 380.29
1437085053, 0, 16, 329, 328, 58, 8.01%, 0, 0, 2, 353.34
1437085058, 0, 16, 335, 334, 58, 8.01%, 0, 0, 2, 348.24
1437085063, 0, 16, 339, 338, 58, 8.01%, 0, 0, 2, 345.27
1437085069, 0, 16, 341, 340, 58, 8.01%, 0, 0, 2, 346.69
1437085074, 0, 16, 345, 344, 58, 8.02%, 0, 0, 2, 349.02
1437085079, 0, 16, 348, 347, 58, 8.02%, 0, 0, 2, 346.51
1437085084, 0, 16, 350, 349, 58, 8.02%, 0, 0, 2, 346.60
1437085089, 0, 16, 352, 351, 58, 8.02%, 0, 0, 2, 345.90
1437085094, 0, 16, 354, 353, 58, 8.05%, 0, 0, 2, 346.48
1437085105, 0, 16, 356, 355, 58, 8.05%, 0, 0, 2, 344.94
1437085110, 0, 16, 357, 356, 58, 8.05%, 0, 0, 2, 346.65
1437085115, 0, 16, 358, 357, 58, 8.05%, 0, 0, 2, 344.99
1437085120, 0, 16, 359, 358, 58, 8.05%, 0, 0, 2, 346.08
1437085125, 0, 16, 360, 359, 58, 8.06%, 0, 0, 2, 346.99
1437085135, 0, 16, 361, 360, 58, 8.06%, 0, 0, 2, 347.45
1437085141, 0, 16, 363, 362, 58, 8.06%, 0, 0, 2, 347.24
1437085146, 0, 16, 365, 364, 58, 8.07%, 0, 0, 2, 345.78
1437085161, 0, 16, 366, 365, 58, 8.07%, 0, 0, 2, 345.92
1437085171, 0, 16, 367, 366, 58, 8.07%, 0, 0, 2, 346.86
1437085177, 0, 16, 368, 367, 58, 8.07%, 0, 0, 2, 347.31
1437085187, 0, 16, 369, 368, 58, 8.07%, 0, 0, 2, 345.05
1437085197, 0, 16, 371, 370, 58, 8.07%, 0, 1, 2, 346.84
1437085202, 0, 16, 374, 373, 58, 8.08%, 0, 1, 2, 328.18
1437085207, 0, 16, 375, 374, 58, 8.08%, 0, 1, 2, 342.02
1437085212, 0, 16, 376, 375, 58, 8.09%, 0, 1, 2, 343.24
1437085217, 0, 16, 377, 376, 58, 8.09%, 0, 1, 2, 345.08
1437085228, 0, 16, 378, 377, 58, 8.09%, 0, 1, 2, 345.49
1437085243, 0, 16, 379, 378, 58, 8.09%, 0, 1, 2, 347.29
1437085264, 0, 16, 382, 381, 58, 8.09%, 0, 1, 2, 347.61
1437085280, 0, 16, 383, 382, 58, 8.09%, 0, 1, 2, 347.02
1437085290, 0, 16, 384, 383, 58, 8.09%, 0, 1, 2, 345.73
1437085310, 0, 16, 385, 384, 58, 8.09%, 0, 1, 2, 347.13
1437085321, 0, 16, 387, 386, 58, 8.09%, 0, 1, 2, 347.20
1437085326, 0, 16, 389, 388, 58, 8.09%, 0, 1, 2, 347.92
1437085331, 0, 16, 390, 389, 58, 8.10%, 0, 1, 2, 347.89
1437085351, 0, 16, 391, 390, 58, 8.10%, 0, 1, 2, 335.54
1437085356, 0, 16, 392, 391, 58, 8.10%, 0, 1, 2, 336.20
1437085372, 0, 16, 393, 392, 58, 8.10%, 0, 1, 2, 334.55
1437085377, 0, 16, 395, 394, 58, 8.18%, 0, 1, 2, 324.70
1437085397, 0, 16, 396, 395, 58, 8.18%, 0, 1, 2, 334.71
1437085402, 0, 16, 397, 396, 58, 8.18%, 0, 1, 2, 333.08
1437085432, 0, 16, 398, 397, 58, 8.18%, 0, 1, 2, 335.21
1437085453, 0, 16, 400, 399, 58, 8.18%, 0, 1, 2, 335.79
1437085478, 0, 16, 401, 400, 58, 8.18%, 0, 1, 2, 335.76
1437085504, 0, 16, 402, 401, 58, 8.18%, 0, 1, 2, 336.25
1437085509, 0, 16, 403, 402, 58, 8.19%, 0, 1, 2, 335.48
1437085519, 0, 19, 404, 402, 88, 8.19%, 0, 1, 2, 357.39
1437085544, 0, 19, 406, 404, 88, 8.19%, 0, 1, 2, 354.38
1437085554, 0, 19, 407, 405, 88, 8.19%, 0, 1, 2, 344.85
1437085564, 0, 19, 408, 406, 88, 8.20%, 0, 1, 2, 343.40
1437085575, 0, 19, 409, 407, 88, 8.20%, 0, 1, 2, 343.23
1437085610, 0, 19, 410, 408, 88, 8.20%, 0, 1, 2, 343.36
1437085630, 0, 19, 411, 409, 88, 8.20%, 0, 1, 2, 343.38
1437085650, 0, 19, 412, 410, 88, 8.20%, 0, 1, 2, 344.60
1437085676, 0, 19, 413, 411, 88, 8.20%, 0, 1, 2, 344.03
1437085686, 0, 19, 414, 412, 88, 8.20%, 0, 1, 2, 343.12
1437085746, 0, 19, 415, 413, 88, 8.20%, 0, 1, 2, 345.30
1437085771, 0, 19, 416, 414, 88, 8.20%, 0, 1, 2, 344.63
1437085791, 0, 19, 417, 415, 88, 8.22%, 0, 1, 2, 343.55
1437085857, 0, 19, 418, 416, 88, 8.41%, 0, 1, 2, 319.61
1437085878, 0, 19, 419, 417, 88, 8.41%, 0, 1, 2, 330.49
1437085888, 0, 19, 420, 418, 88, 8.41%, 0, 1, 2, 329.22
1437085955, 0, 19, 420, 418, 88, 8.41%, 0, 2, 2, 339.48
1437085990, 0, 19, 421, 419, 88, 8.83%, 0, 2, 2, 330.45
1437086015, 0, 20, 421, 418, 91, 8.83%, 0, 2, 2, 387.71
1437086036, 0, 20, 422, 419, 91, 8.83%, 0, 2, 2, 414.39
1437086051, 0, 20, 423, 420, 91, 8.83%, 0, 2, 2, 410.38
1437086056, 0, 20, 424, 421, 91, 8.83%, 0, 2, 2, 385.53
1437086066, 0, 20, 426, 423, 91, 8.83%, 0, 2, 2, 354.75
1437086076, 0, 20, 427, 424, 91, 8.83%, 0, 2, 2, 358.33
1437086086, 0, 20, 430, 427, 91, 8.83%, 0, 2, 2, 357.45
1437086092, 0, 20, 432, 429, 91, 8.83%, 0, 2, 2, 356.94
1437086132, 0, 20, 433, 430, 91, 8.84%, 0, 2, 2, 359.24
1437086138, 0, 20, 434, 431, 91, 8.84%, 0, 2, 2, 357.22
1437086143, 0, 20, 435, 432, 91, 8.84%, 0, 2, 2, 358.79
1437086173, 0, 20, 436, 433, 91, 8.84%, 0, 2, 2, 356.88
1437086219, 0, 20, 438, 435, 91, 8.84%, 0, 2, 2, 358.75
1437086225, 0, 20, 439, 436, 91, 9.12%, 0, 2, 2, 357.98
1437086230, 0, 20, 440, 437, 91, 9.12%, 0, 2, 2, 359.76
1437086235, 0, 20, 441, 438, 91, 9.12%, 0, 2, 2, 357.75
1437086255, 0, 20, 442, 439, 91, 9.12%, 0, 2, 2, 358.03
1437086260, 0, 20, 443, 440, 91, 9.12%, 0, 2, 2, 357.31
1437086270, 0, 20, 444, 441, 91, 9.12%, 0, 2, 2, 360.10
1437086291, 0, 20, 445, 442, 91, 9.12%, 0, 2, 2, 356.77
1437086306, 0, 20, 447, 444, 91, 9.12%, 0, 2, 2, 358.34
1437086311, 0, 20, 449, 446, 91, 9.12%, 0, 2, 2, 357.27
1437086337, 0, 20, 451, 448, 91, 9.12%, 0, 2, 2, 358.05
1437086347, 0, 20, 452, 449, 91, 9.12%, 0, 2, 2, 357.80
1437086363, 0, 20, 453, 450, 91, 9.13%, 0, 2, 2, 358.04
1437086398, 0, 20, 454, 451, 91, 9.13%, 0, 2, 2, 357.01
1437086403, 0, 20, 455, 452, 91, 9.13%, 0, 2, 2, 354.12
1437086434, 0, 20, 456, 453, 91, 9.13%, 0, 2, 2, 357.28
1437086439, 0, 20, 457, 454, 91, 9.13%, 0, 2, 2, 358.10
1437086444, 0, 20, 458, 455, 91, 9.13%, 0, 2, 2, 353.78
1437086470, 0, 20, 459, 456, 91, 9.13%, 0, 2, 2, 358.07
1437086475, 0, 20, 460, 457, 91, 9.13%, 0, 2, 2, 357.65
1437086506, 0, 23, 461, 457, 92, 9.13%, 0, 2, 2, 375.74
1437086516, 0, 23, 462, 458, 92, 9.13%, 0, 2, 2, 379.05
1437086526, 0, 23, 464, 460, 92, 9.13%, 0, 2, 2, 392.64
1437086541, 0, 23, 465, 461, 92, 9.14%, 0, 2, 2, 381.23
1437086572, 0, 23, 466, 462, 92, 9.20%, 0, 2, 2, 382.71
1437086587, 0, 23, 468, 464, 92, 9.20%, 0, 2, 2, 385.49
1437086592, 0, 23, 481, 477, 92, 9.20%, 0, 2, 2, 351.60
1437086597, 0, 23, 496, 492, 92, 9.20%, 0, 2, 2, 347.93
1437086602, 0, 23, 507, 503, 92, 9.20%, 0, 2, 2, 346.87
1437086607, 0, 23, 514, 510, 92, 9.20%, 0, 2, 2, 354.45
1437086612, 0, 23, 521, 517, 92, 9.20%, 0, 2, 2, 351.13
1437086617, 0, 23, 530, 526, 92, 9.20%, 0, 2, 2, 351.59
1437086622, 0, 23, 540, 536, 92, 9.20%, 0, 2, 2, 352.50
1437086627, 0, 23, 543, 539, 92, 9.20%, 0, 2, 2, 357.59
1437086632, 0, 23, 548, 544, 92, 9.20%, 0, 2, 2, 356.23
1437086638, 0, 23, 553, 549, 92, 9.22%, 0, 2, 2, 352.97
1437086643, 0, 23, 557, 553, 92, 9.22%, 0, 2, 2, 353.87
1437086648, 0, 23, 560, 556, 92, 9.22%, 0, 2, 2, 358.00
1437086653, 0, 23, 566, 562, 92, 9.22%, 0, 2, 2, 353.81
1437086658, 0, 23, 569, 565, 92, 9.24%, 0, 2, 2, 359.56
1437086663, 0, 23, 575, 571, 92, 9.34%, 0, 2, 2, 356.33
1437086668, 0, 23, 576, 572, 92, 9.34%, 0, 2, 2, 356.48
1437086673, 0, 23, 579, 575, 92, 9.35%, 0, 2, 2, 356.91
1437086678, 0, 23, 581, 577, 92, 9.35%, 0, 2, 2, 357.90
1437086683, 0, 23, 583, 579, 92, 9.35%, 0, 2, 2, 356.75
1437086689, 0, 23, 585, 581, 92, 9.35%, 0, 2, 2, 361.42
1437086694, 0, 23, 588, 584, 92, 9.35%, 0, 2, 2, 359.46
1437086699, 0, 23, 589, 585, 92, 9.35%, 0, 2, 2, 357.99
1437086704, 0, 23, 592, 588, 92, 9.38%, 0, 2, 2, 358.94
1437086709, 0, 23, 595, 591, 92, 9.38%, 0, 2, 2, 356.48
1437086714, 0, 23, 596, 592, 92, 9.38%, 0, 2, 2, 360.80
1437086719, 0, 23, 597, 593, 92, 9.38%, 0, 2, 2, 361.75
1437086724, 0, 23, 599, 595, 92, 9.38%, 0, 2, 2, 359.72
1437086729, 0, 23, 603, 599, 92, 9.38%, 0, 2, 2, 354.35
1437086734, 0, 23, 606, 602, 92, 9.38%, 0, 2, 2, 357.20
1437086739, 0, 23, 607, 603, 92, 9.39%, 0, 2, 2, 358.40
1437086755, 0, 23, 609, 605, 92, 9.39%, 0, 2, 2, 361.46
1437086760, 0, 23, 613, 609, 92, 9.39%, 0, 2, 2, 357.30
1437086770, 0, 23, 614, 610, 92, 9.39%, 0, 2, 2, 361.38
1437086775, 0, 23, 615, 611, 92, 9.39%, 0, 2, 2, 362.18
1437086785, 0, 23, 616, 612, 92, 9.39%, 0, 2, 2, 359.04
1437086790, 0, 23, 617, 613, 92, 9.39%, 0, 2, 2, 359.60
1437086795, 0, 23, 618, 614, 92, 9.39%, 0, 2, 2, 361.24
1437086805, 0, 23, 619, 615, 92, 9.39%, 0, 2, 2, 360.40
1437086826, 0, 23, 620, 616, 92, 9.39%, 0, 2, 2, 362.31
1437086836, 0, 23, 623, 619, 92, 9.39%, 0, 2, 2, 359.43
1437086841, 0, 23, 624, 620, 92, 9.39%, 0, 2, 2, 357.96
1437086856, 0, 23, 626, 622, 92, 9.39%, 0, 2, 2, 363.92
1437086861, 0, 23, 627, 623, 92, 9.39%, 0, 2, 2, 361.62
1437086877, 0, 23, 628, 624, 92, 9.39%, 0, 2, 2, 357.46
1437086887, 0, 23, 629, 625, 92, 9.40%, 0, 2, 2, 342.47
1437086892, 0, 23, 630, 626, 92, 9.41%, 0, 2, 2, 357.34
1437086897, 0, 23, 631, 627, 92, 9.41%, 0, 2, 2, 354.79
1437086902, 0, 23, 632, 628, 92, 9.41%, 0, 3, 2, 357.96
1437086907, 0, 23, 633, 629, 92, 9.50%, 0, 4, 2, 325.98
1437086932, 0, 23, 634, 630, 92, 9.50%, 0, 4, 2, 360.95
1437086938, 0, 23, 635, 631, 92, 9.50%, 0, 4, 2, 358.89
1437086958, 0, 23, 636, 632, 92, 9.51%, 0, 4, 2, 359.09
1437086963, 0, 23, 637, 633, 92, 9.51%, 0, 4, 2, 361.10
1437086973, 0, 23, 638, 634, 92, 9.51%, 0, 4, 2, 357.35
1437086988, 0, 23, 640, 636, 92, 9.51%, 0, 4, 2, 358.58
1437087004, 0, 23, 641, 637, 92, 9.51%, 0, 4, 2, 361.56
1437087014, 0, 23, 642, 638, 92, 9.51%, 0, 4, 2, 361.06
1437087039, 0, 28, 643, 638, 110, 9.51%, 0, 4, 2, 352.59
1437087050, 0, 28, 644, 639, 110, 9.51%, 0, 4, 2, 319.65
1437087070, 0, 28, 645, 640, 110, 9.51%, 0, 4, 2, 310.62
1437087075, 0, 28, 645, 640, 110, 9.51%, 0, 5, 2, 304.33
1437087106, 0, 32, 645, 639, 111, 9.51%, 0, 5, 2, 327.73
1437087121, 0, 41, 645, 638, 110, 9.51%, 0, 5, 2, 351.00
1437087157, 0, 47, 645, 637, 109, 9.51%, 0, 5, 2, 359.87
1437087167, 0, 47, 646, 638, 109, 9.51%, 0, 5, 2, 396.69
1437087187, 0, 81, 646, 637, 108, 9.51%, 0, 5, 2, 388.17
1437087233, 0, 81, 647, 638, 108, 9.52%, 0, 5, 2, 354.83
1437087248, 0, 109, 651, 641, 108, 9.54%, 0, 5, 2, 285.94
1437087253, 0, 109, 652, 642, 108, 9.54%, 0, 5, 2, 242.45
1437087274, 0, 109, 653, 643, 108, 9.54%, 0, 5, 2, 225.28
1437087284, 0, 109, 654, 644, 108, 9.54%, 0, 5, 2, 250.10
1437087289, 0, 109, 660, 650, 108, 9.54%, 0, 7, 2, 222.30
1437087294, 0, 109, 664, 654, 108, 9.55%, 0, 7, 2, 259.22
1437087299, 0, 109, 665, 655, 108, 9.55%, 0, 7, 2, 226.69
1437087320, 0, 109, 665, 655, 108, 9.55%, 0, 8, 2, 243.51
1437087330, 0, 109, 666, 656, 108, 9.55%, 0, 8, 2, 244.00
1437087335, 0, 109, 666, 656, 108, 9.55%, 0, 9, 2, 237.61
1437087351, 0, 109, 671, 661, 108, 9.55%, 0, 9, 2, 286.27
1437087356, 0, 109, 678, 668, 108, 9.55%, 0, 10, 2, 287.76
1437087361, 0, 109, 682, 672, 108, 9.60%, 0, 11, 2, 290.39
1437087366, 0, 109, 683, 673, 108, 9.60%, 0, 11, 2, 296.15
1437087371, 0, 109, 684, 674, 108, 9.61%, 0, 11, 2, 295.63
1437087377, 0, 109, 686, 676, 108, 9.61%, 0, 11, 2, 297.77
1437087382, 0, 109, 689, 679, 108, 9.61%, 0, 11, 2, 299.31
1437087387, 0, 109, 691, 681, 108, 9.69%, 0, 11, 2, 287.92
1437087392, 0, 109, 694, 684, 108, 9.77%, 0, 12, 2, 284.49
1437087397, 0, 109, 695, 685, 108, 9.77%, 0, 12, 2, 297.34
1437087407, 0, 109, 698, 688, 108, 9.77%, 0, 12, 2, 300.55
1437087412, 0, 109, 699, 689, 108, 9.77%, 0, 12, 2, 298.26
1437087418, 0, 109, 701, 691, 108, 9.79%, 0, 12, 2, 296.04
1437087423, 0, 109, 702, 692, 108, 9.79%, 0, 12, 2, 298.54
1437087428, 0, 109, 707, 697, 108, 9.80%, 0, 12, 2, 296.14
1437087433, 0, 109, 708, 698, 108, 9.81%, 0, 12, 2, 297.31
1437087438, 0, 109, 709, 699, 108, 9.81%, 0, 12, 2, 298.29
1437087443, 0, 109, 711, 701, 108, 9.81%, 0, 12, 2, 297.41
1437087448, 0, 109, 713, 703, 108, 9.81%, 0, 13, 2, 292.18
1437087453, 0, 109, 714, 704, 108, 9.81%, 0, 14, 2, 295.04
1437087458, 0, 109, 715, 705, 108, 9.81%, 0, 14, 2, 294.59
1437087464, 0, 109, 717, 707, 108, 9.82%, 0, 14, 2, 296.71
1437087469, 0, 109, 720, 710, 108, 9.82%, 0, 14, 2, 297.85
1437087474, 0, 109, 722, 712, 108, 9.82%, 0, 14, 2, 298.49
1437087479, 0, 109, 722, 712, 108, 9.82%, 0, 15, 2, 293.84
1437087484, 0, 109, 723, 713, 108, 9.82%, 0, 15, 2, 298.54
1437087489, 0, 109, 724, 714, 108, 9.82%, 0, 15, 2, 298.76
1437087494, 0, 109, 725, 715, 108, 9.82%, 0, 15, 2, 300.10
1437087499, 0, 109, 728, 718, 108, 9.82%, 0, 15, 2, 297.57
1437087505, 0, 109, 730, 720, 108, 9.82%, 0, 15, 2, 297.77
1437087510, 0, 109, 731, 721, 108, 9.83%, 0, 15, 2, 297.51
1437087515, 0, 109, 732, 722, 108, 9.83%, 0, 15, 2, 300.57
1437087520, 0, 109, 734, 724, 108, 9.86%, 0, 15, 2, 298.35
1437087530, 0, 109, 736, 726, 108, 9.86%, 0, 15, 2, 299.40
1437087541, 0, 109, 737, 727, 108, 9.86%, 0, 15, 2, 297.49
1437087546, 0, 109, 738, 728, 108, 9.87%, 0, 15, 2, 296.11
1437087551, 0, 109, 739, 729, 108, 9.87%, 0, 15, 2, 298.11
1437087566, 0, 109, 740, 730, 108, 9.87%, 0, 15, 2, 298.21
1437087577, 0, 109, 741, 731, 108, 9.87%, 0, 15, 2, 298.77
1437087587, 0, 109, 742, 732, 108, 9.87%, 0, 15, 2, 294.99
1437087613, 0, 109, 743, 733, 108, 9.87%, 0, 15, 2, 296.52
1437087618, 0, 109, 744, 734, 108, 9.87%, 0, 15, 2, 294.17
1437087628, 0, 109, 745, 735, 108, 9.88%, 0, 15, 2, 300.33
1437087643, 0, 109, 747, 737, 108, 9.91%, 0, 15, 2, 287.56
1437087648, 0, 109, 748, 738, 108, 9.91%, 0, 15, 2, 293.38
1437087663, 0, 109, 748, 738, 108, 9.91%, 0, 16, 2, 289.93
1437087684, 0, 109, 749, 739, 108, 9.91%, 0, 16, 2, 298.80
1437087689, 0, 109, 749, 739, 108, 9.91%, 0, 17, 2, 296.80
1437087694, 0, 109, 750, 740, 108, 9.91%, 0, 17, 2, 295.05
1437087699, 0, 109, 751, 741, 108, 9.91%, 0, 17, 2, 294.51
1437087710, 0, 109, 753, 743, 108, 9.91%, 0, 18, 2, 293.50
1437087715, 0, 109, 754, 744, 108, 9.91%, 0, 18, 2, 294.58
1437087761, 0, 109, 755, 745, 108, 9.92%, 0, 18, 2, 291.19
1437087777, 0, 109, 755, 745, 108, 9.92%, 0, 19, 2, 288.71
1437087782, 0, 109, 756, 746, 108, 9.92%, 0, 19, 2, 295.74
1437087787, 0, 109, 757, 747, 108, 9.92%, 0, 19, 2, 288.58
1437087792, 0, 109, 758, 748, 108, 9.92%, 0, 19, 2, 296.86
1437087808, 0, 109, 758, 748, 108, 9.92%, 0, 20, 2, 248.16
1437087813, 0, 109, 758, 748, 108, 9.92%, 0, 21, 2, 231.83
1437087844, 0, 109, 760, 750, 108, 9.92%, 0, 21, 2, 292.51
1437087894, 0, 109, 761, 751, 108, 10.02%, 0, 21, 2, 280.78
1437087899, 0, 115, 761, 750, 140, 10.02%, 0, 22, 2, 229.88
1437087940, 0, 115, 761, 750, 140, 10.02%, 0, 23, 2, 219.56
1437087945, 0, 115, 761, 750, 140, 10.02%, 0, 24, 2, 261.95
1437087975, 0, 115, 762, 751, 140, 10.02%, 0, 24, 2, 283.71
1437087980, 0, 115, 764, 753, 140, 10.02%, 0, 24, 2, 297.71
1437087985, 0, 115, 765, 754, 140, 10.02%, 0, 24, 2, 303.60
1437088000, 0, 115, 766, 755, 140, 10.03%, 0, 24, 2, 302.86
1437088021, 0, 115, 768, 757, 140, 10.03%, 0, 24, 2, 309.77
1437088031, 0, 115, 771, 760, 140, 10.03%, 0, 24, 2, 311.82
1437088036, 0, 115, 772, 761, 140, 10.03%, 0, 24, 2, 313.77
1437088046, 0, 115, 773, 762, 140, 10.07%, 0, 24, 2, 314.93
1437088097, 0, 115, 773, 762, 140, 10.07%, 0, 25, 2, 316.98
1437088117, 0, 115, 774, 763, 140, 10.07%, 0, 25, 2, 312.23
1437088122, 0, 115, 775, 764, 140, 10.07%, 0, 25, 2, 315.92
1437088159, 0, 115, 777, 766, 140, 10.07%, 0, 25, 2, 314.81
1437088174, 0, 115, 777, 766, 140, 10.07%, 0, 26, 2, 311.37
1437088199, 0, 115, 778, 767, 140, 10.07%, 0, 26, 2, 317.94
1437088204, 0, 115, 779, 768, 140, 10.07%, 0, 26, 2, 313.01
1437088214, 0, 115, 780, 769, 140, 10.07%, 0, 26, 2, 312.23
1437088219, 0, 115, 780, 769, 140, 10.07%, 0, 27, 2, 307.23
1437088255, 0, 115, 782, 771, 140, 10.07%, 0, 27, 2, 316.94
1437088260, 0, 115, 783, 772, 140, 10.07%, 0, 27, 2, 315.78
1437088280, 0, 115, 784, 773, 140, 10.07%, 0, 27, 2, 318.21
1437088285, 0, 115, 785, 774, 140, 10.07%, 0, 27, 2, 316.89
1437088330, 0, 115, 786, 775, 140, 10.07%, 0, 27, 2, 299.75
1437088376, 0, 115, 787, 776, 140, 10.07%, 0, 27, 2, 307.11
1437088386, 0, 115, 788, 777, 140, 10.07%, 0, 27, 2, 309.55
1437088407, 0, 115, 789, 778, 140, 10.07%, 0, 27, 2, 315.15
1437088417, 0, 115, 790, 779, 140, 10.08%, 0, 27, 2, 316.83
1437088452, 0, 115, 791, 780, 140, 10.08%, 0, 27, 2, 316.47
1437088463, 0, 115, 792, 781, 140, 10.09%, 0, 27, 2, 308.50
1437088483, 0, 115, 793, 782, 140, 10.09%, 0, 27, 2, 313.74
1437088488, 0, 173, 796, 784, 145, 10.09%, 0, 27, 2, 262.39
1437088493, 0, 173, 798, 786, 145, 10.09%, 0, 28, 2, 223.85
1437088509, 0, 173, 800, 788, 145, 10.09%, 0, 28, 2, 220.59
1437088514, 0, 173, 801, 789, 145, 10.09%, 0, 28, 2, 216.35
1437088519, 0, 173, 802, 790, 145, 10.09%, 0, 28, 2, 218.46
1437088524, 0, 173, 803, 791, 145, 10.09%, 0, 28, 2, 221.46
1437088534, 0, 173, 804, 792, 145, 10.09%, 0, 28, 2, 223.18
1437088545, 0, 173, 804, 792, 145, 10.09%, 0, 29, 2, 215.63
1437088550, 0, 173, 805, 793, 145, 10.09%, 0, 29, 2, 224.62
1437088575, 0, 173, 807, 795, 145, 10.09%, 0, 29, 2, 229.00
1437088601, 0, 173, 808, 796, 145, 10.10%, 0, 29, 2, 223.64
1437088611, 0, 173, 809, 797, 145, 10.10%, 0, 29, 2, 218.81
1437088616, 0, 173, 810, 798, 145, 10.10%, 0, 29, 2, 219.80
1437088626, 0, 173, 814, 802, 145, 10.10%, 0, 29, 2, 231.07
1437088642, 0, 173, 815, 803, 145, 10.10%, 0, 29, 2, 241.30
1437088704, 0, 173, 815, 803, 145, 10.10%, 0, 31, 2, 244.74
1437088719, 0, 173, 815, 803, 145, 10.10%, 0, 32, 2, 233.41
1437088729, 0, 173, 816, 804, 145, 10.10%, 0, 32, 2, 266.89
1437088734, 0, 173, 817, 805, 145, 10.10%, 0, 32, 2, 246.20
1437088776, 0, 173, 825, 813, 145, 10.10%, 0, 32, 2, 275.35
1437088781, 0, 173, 829, 817, 145, 10.10%, 0, 32, 2, 284.03
1437088786, 0, 173, 834, 822, 145, 10.11%, 0, 32, 2, 285.71
1437088791, 0, 173, 838, 826, 145, 10.11%, 0, 32, 2, 284.90
1437088796, 0, 173, 840, 828, 145, 10.11%, 0, 32, 2, 287.51
1437088806, 0, 173, 843, 831, 145, 10.11%, 0, 32, 2, 290.71
1437088811, 0, 173, 845, 833, 145, 10.11%, 0, 32, 2, 290.69
1437088816, 0, 173, 849, 837, 145, 10.11%, 0, 32, 2, 295.01
1437088842, 0, 173, 850, 838, 145, 10.11%, 0, 32, 2, 291.75
1437088847, 0, 173, 853, 841, 145, 10.11%, 0, 32, 2, 292.92
1437088852, 0, 173, 854, 842, 145, 10.12%, 0, 32, 2, 294.03
1437088857, 0, 173, 856, 844, 145, 10.12%, 0, 32, 2, 290.94
1437088862, 0, 173, 859, 847, 145, 10.12%, 0, 32, 2, 291.94
1437088867, 0, 173, 861, 849, 145, 10.12%, 0, 32, 2, 292.15
1437088873, 0, 173, 863, 851, 145, 10.12%, 0, 32, 2, 293.92
1437088888, 0, 173, 865, 853, 145, 10.12%, 0, 32, 2, 289.39
1437088893, 0, 173, 866, 854, 145, 10.12%, 0, 32, 2, 287.53
1437088924, 0, 173, 867, 855, 145, 10.12%, 0, 32, 2, 293.17
1437088929, 0, 173, 868, 856, 145, 10.12%, 0, 32, 2, 291.77
1437088934, 0, 173, 870, 858, 145, 10.12%, 0, 32, 2, 291.12
1437088939, 0, 173, 871, 859, 145, 10.12%, 0, 32, 2, 289.66
1437088944, 0, 173, 872, 860, 145, 10.12%, 0, 32, 2, 291.06
1437088949, 0, 173, 873, 861, 145, 10.12%, 0, 32, 2, 290.05
1437088954, 0, 173, 874, 862, 145, 10.12%, 0, 32, 2, 290.63
1437088959, 0, 173, 875, 863, 145, 10.12%, 0, 32, 2, 287.25
1437088964, 0, 173, 877, 865, 145, 10.13%, 0, 32, 2, 291.48
1437088975, 0, 173, 878, 866, 145, 10.13%, 0, 32, 2, 298.22
1437088985, 0, 173, 880, 868, 145, 10.13%, 0, 32, 2, 287.82
1437089000, 0, 173, 881, 869, 145, 10.13%, 0, 32, 2, 291.09
1437089005, 0, 173, 883, 871, 145, 10.13%, 0, 32, 2, 293.58
1437089011, 0, 173, 884, 872, 145, 10.13%, 0, 32, 2, 295.09
1437089021, 0, 173, 885, 873, 145, 10.13%, 0, 32, 2, 292.89
1437089026, 0, 173, 886, 874, 145, 10.14%, 0, 32, 2, 291.38
1437089056, 0, 173, 887, 875, 145, 10.14%, 0, 32, 2, 291.33
1437089062, 0, 173, 888, 876, 145, 10.14%, 0, 32, 2, 294.85
1437089077, 0, 173, 889, 877, 145, 10.14%, 0, 32, 2, 291.02
1437089098, 0, 173, 890, 878, 145, 10.14%, 0, 32, 2, 294.05
1437089103, 0, 173, 891, 879, 145, 10.14%, 0, 32, 2, 292.65
1437089113, 0, 173, 892, 880, 145, 10.14%, 0, 32, 2, 287.49
1437089128, 0, 173, 893, 881, 145, 10.14%, 0, 32, 2, 294.38
1437089143, 0, 173, 894, 882, 145, 10.14%, 0, 32, 2, 292.94
1437089149, 0, 173, 895, 883, 145, 10.14%, 0, 32, 2, 289.21
1437089154, 0, 173, 896, 884, 145, 10.14%, 0, 33, 2, 288.53
1437089159, 0, 173, 897, 885, 145, 10.14%, 0, 35, 2, 284.09
1437089164, 0, 173, 899, 887, 145, 10.14%, 0, 35, 2, 282.29
1437089174, 0, 173, 900, 888, 145, 10.14%, 0, 35, 2, 291.08
1437089179, 0, 173, 901, 889, 145, 10.14%, 0, 35, 2, 285.82
1437089189, 0, 173, 902, 890, 145, 10.15%, 0, 35, 2, 295.41
1437089220, 0, 173, 903, 891, 145, 10.15%, 0, 35, 2, 292.92
1437089230, 0, 173, 904, 892, 145, 10.15%, 0, 35, 2, 289.65
1437089251, 0, 173, 906, 894, 145, 10.15%, 0, 35, 2, 295.83
1437089256, 0, 173, 907, 895, 145, 10.15%, 0, 35, 2, 293.91
1437089271, 0, 173, 910, 898, 145, 10.15%, 0, 35, 2, 291.55
1437089277, 0, 173, 911, 899, 145, 10.15%, 0, 35, 2, 291.59
1437089297, 0, 173, 912, 900, 145, 10.15%, 0, 35, 2, 292.36
1437089327, 0, 193, 926, 913, 166, 10.18%, 0, 35, 2, 257.56
1437089333, 0, 193, 927, 914, 166, 10.18%, 0, 35, 2, 231.55
1437089343, 0, 193, 928, 915, 166, 10.18%, 0, 35, 2, 221.62
1437089353, 0, 193, 929, 916, 166, 10.18%, 0, 35, 2, 225.60
1437089374, 0, 193, 947, 934, 166, 10.18%, 0, 35, 2, 242.10
1437089394, 0, 193, 947, 934, 166, 10.18%, 0, 36, 2, 217.20
1437089569, 0, 201, 947, 933, 176, 10.18%, 0, 36, 2, 335.03
1437089580, 0, 201, 948, 934, 176, 10.18%, 0, 36, 2, 327.01
1437089600, 0, 201, 949, 935, 176, 10.18%, 0, 36, 2, 324.44
1437089620, 0, 201, 950, 936, 176, 10.19%, 0, 36, 2, 325.19
1437089641, 0, 201, 950, 936, 176, 10.19%, 0, 37, 2, 332.48
1437089671, 0, 201, 950, 936, 176, 10.19%, 0, 38, 2, 330.05
1437089707, 0, 201, 952, 938, 176, 10.19%, 0, 38, 2, 316.78
1437089834, 0, 201, 953, 939, 176, 10.19%, 0, 38, 2, 308.51
1437089951, 0, 201, 954, 940, 176, 10.19%, 0, 38, 2, 355.40
1437089977, 0, 212, 954, 939, 178, 10.19%, 0, 38, 2, 348.06
1437090058, 0, 212, 955, 940, 178, 10.19%, 0, 38, 2, 349.93
1437090207, 0, 212, 958, 943, 178, 10.19%, 0, 38, 2, 342.31
1437090217, 0, 212, 959, 944, 178, 10.19%, 0, 38, 2, 344.10
1437090222, 0, 212, 960, 945, 178, 10.19%, 0, 38, 2, 338.20
1437090227, 0, 212, 962, 947, 178, 10.19%, 0, 38, 2, 340.66
1437090253, 0, 212, 963, 948, 178, 10.19%, 0, 38, 2, 345.96
1437090268, 0, 212, 964, 949, 178, 10.19%, 0, 38, 2, 342.03
1437090273, 0, 212, 965, 950, 178, 10.19%, 0, 38, 2, 341.41
1437090278, 0, 212, 966, 951, 178, 10.19%, 0, 38, 2, 342.54
1437090283, 0, 212, 967, 952, 178, 10.19%, 0, 38, 2, 341.94
1437090288, 0, 212, 969, 954, 178, 10.19%, 0, 38, 2, 340.48
1437090298, 0, 212, 971, 956, 178, 10.19%, 0, 38, 2, 340.70
1437090303, 0, 212, 972, 957, 178, 10.19%, 0, 38, 2, 339.88
1437090329, 0, 212, 973, 958, 178, 10.19%, 0, 38, 2, 343.12
1437090339, 0, 212, 974, 959, 178, 10.20%, 0, 38, 2, 342.66
1437090405, 0, 212, 975, 960, 178, 10.20%, 0, 38, 2, 342.94
1437090415, 0, 212, 976, 961, 178, 10.20%, 0, 38, 2, 344.44
1437090461, 0, 212, 978, 963, 178, 10.20%, 0, 38, 2, 344.35
1437090476, 0, 212, 980, 965, 178, 10.20%, 0, 38, 2, 343.49
1437090481, 0, 212, 981, 966, 178, 10.20%, 0, 38, 2, 342.61
1437090507, 0, 212, 982, 967, 178, 10.20%, 0, 38, 2, 341.66
1437090512, 0, 212, 982, 967, 178, 10.20%, 0, 40, 2, 310.63
1437090594, 0, 212, 983, 968, 178, 10.20%, 0, 40, 2, 326.07
1437090629, 0, 212, 984, 969, 178, 10.20%, 0, 40, 2, 329.58
1437090680, 0, 221, 984, 968, 181, 10.20%, 0, 40, 2, 263.85
1437090761, 0, 221, 985, 969, 181, 10.20%, 0, 40, 2, 214.75
1437090838, 0, 221, 985, 969, 181, 10.20%, 0, 41, 2, 207.30
1437090996, 0, 221, 986, 970, 181, 10.20%, 0, 41, 2, 216.26
1437091205, 0, 230, 986, 969, 182, 10.20%, 0, 41, 2, 359.03
1437091210, 0, 230, 988, 971, 182, 10.20%, 0, 41, 2, 395.90
1437091256, 0, 259, 988, 970, 181, 10.20%, 0, 41, 2, 344.56
1437091271, 0, 260, 988, 969, 180, 10.20%, 0, 41, 2, 340.22
1437091311, 0, 261, 990, 970, 179, 10.20%, 0, 41, 3, 333.43
1437091322, 0, 261, 991, 971, 179, 10.27%, 0, 41, 3, 313.61
1437091332, 0, 261, 992, 972, 179, 10.28%, 0, 41, 3, 313.72
1437091342, 0, 261, 993, 973, 179, 10.28%, 0, 41, 3, 312.72
1437091352, 0, 261, 995, 975, 179, 10.28%, 0, 41, 3, 313.85
1437091418, 0, 261, 996, 976, 179, 10.28%, 0, 41, 3, 311.48
1437091514, 0, 261, 997, 977, 179, 10.30%, 0, 41, 3, 312.48
1437091616, 0, 261, 998, 978, 179, 10.30%, 0, 41, 3, 323.29
1437091647, 0, 261, 999, 979, 179, 10.30%, 0, 41, 3, 322.75
1437091672, 0, 261, 1000, 980, 179, 10.30%, 0, 41, 3, 322.14
1437091780, 0, 261, 1001, 981, 179, 10.37%, 0, 41, 3, 300.56
1437091816, 0, 265, 1001, 980, 183, 10.37%, 0, 41, 3, 313.07
1437091826, 0, 266, 1004, 982, 182, 10.38%, 0, 41, 3, 322.56
1437091831, 0, 266, 1006, 984, 182, 10.38%, 0, 41, 3, 323.93
1437091841, 0, 266, 1007, 985, 182, 10.39%, 0, 41, 3, 323.34
1437091892, 0, 266, 1008, 986, 182, 10.39%, 0, 41, 3, 320.86
1437091994, 0, 266, 1009, 987, 182, 10.39%, 0, 41, 3, 322.84
1437092009, 0, 266, 1010, 988, 182, 10.39%, 0, 41, 3, 315.88
1437092096, 0, 266, 1012, 990, 182, 10.40%, 0, 41, 3, 304.24
1437092107, 0, 266, 1012, 990, 182, 10.40%, 0, 43, 3, 313.22
1437092117, 0, 266, 1013, 991, 182, 10.40%, 0, 43, 3, 306.42
1437092163, 0, 266, 1014, 992, 182, 10.41%, 0, 43, 3, 310.54
1437092183, 0, 266, 1015, 993, 182, 10.41%, 0, 43, 3, 314.12
1437092194, 0, 266, 1016, 994, 182, 10.41%, 0, 43, 3, 306.64
1437092229, 0, 266, 1017, 995, 182, 10.41%, 0, 43, 3, 308.83
1437092234, 0, 266, 1018, 996, 182, 10.41%, 0, 43, 3, 321.46
1437092240, 0, 266, 1019, 997, 182, 10.41%, 0, 43, 3, 300.28
1437092275, 0, 266, 1020, 998, 182, 10.41%, 0, 43, 3, 323.72
1437092326, 0, 268, 1021, 998, 192, 10.41%, 0, 43, 3, 280.90
1437092331, 0, 268, 1023, 1000, 192, 10.42%, 0, 43, 3, 244.11
1437092346, 0, 268, 1024, 1001, 192, 10.42%, 0, 43, 3, 266.06
1437092362, 0, 268, 1027, 1004, 192, 10.43%, 0, 43, 3, 242.18
1437092382, 0, 268, 1028, 1005, 192, 10.43%, 0, 43, 3, 287.65
1437092402, 0, 268, 1029, 1006, 192, 10.44%, 0, 43, 3, 261.70
1437092412, 0, 268, 1029, 1006, 192, 10.44%, 0, 44, 3, 285.01
1437092469, 0, 268, 1030, 1007, 192, 10.44%, 0, 44, 3, 278.40
1437092484, 0, 268, 1031, 1008, 192, 10.44%, 0, 44, 3, 273.50
1437092525, 0, 268, 1032, 1009, 192, 10.44%, 0, 44, 3, 267.89
1437092536, 0, 268, 1033, 1010, 192, 10.44%, 0, 44, 3, 281.25
1437092541, 0, 268, 1034, 1011, 192, 10.44%, 0, 44, 3, 277.76
1437092566, 0, 268, 1035, 1012, 192, 10.44%, 0, 44, 3, 277.19
1437092719, 0, 268, 1036, 1013, 192, 10.44%, 0, 44, 3, 278.57
1437092775, 0, 268, 1037, 1014, 192, 10.44%, 0, 44, 3, 278.49
1437092846, 0, 268, 1038, 1015, 192, 10.44%, 0, 44, 3, 278.24
1437092856, 0, 268, 1039, 1016, 192, 10.44%, 0, 45, 3, 266.23
1437092876, 0, 268, 1040, 1017, 192, 10.45%, 0, 45, 3, 283.40
1437092886, 0, 269, 1041, 1017, 199, 10.45%, 0, 45, 3, 295.10
1437092907, 0, 271, 1042, 1017, 198, 10.46%, 0, 45, 3, 319.30
1437092938, 0, 273, 1043, 1017, 198, 10.47%, 0, 45, 3, 322.97
1437092943, 0, 273, 1044, 1018, 198, 10.47%, 0, 45, 3, 322.83
1437092954, 0, 273, 1045, 1019, 198, 10.47%, 0, 45, 3, 320.56
1437092964, 0, 273, 1046, 1020, 198, 10.47%, 0, 45, 3, 321.22
1437093015, 0, 273, 1047, 1021, 198, 10.47%, 0, 45, 3, 319.14
1437093128, 0, 273, 1048, 1022, 198, 10.47%, 0, 45, 3, 309.02
1437093194, 0, 273, 1049, 1023, 198, 10.50%, 0, 45, 3, 312.20
1437093220, 0, 273, 1050, 1024, 198, 10.50%, 0, 45, 3, 312.40
1437093368, 0, 273, 1051, 1025, 198, 10.50%, 0, 45, 3, 297.86
1437093445, 0, 275, 1052, 1025, 202, 10.50%, 0, 45, 3, 266.75
1437093465, 0, 276, 1054, 1026, 201, 10.51%, 0, 45, 3, 335.04
1437093475, 0, 276, 1058, 1030, 201, 10.51%, 0, 45, 3, 337.09
1437093486, 0, 276, 1059, 1031, 201, 10.51%, 0, 45, 3, 329.19
1437093527, 0, 276, 1060, 1032, 201, 10.51%, 0, 45, 3, 328.99
1437093828, 0, 276, 1061, 1033, 201, 10.52%, 0, 45, 3, 314.34
1437093954, 0, 281, 1061, 1032, 203, 10.52%, 0, 45, 3, 333.10
1437093975, 0, 283, 1062, 1032, 202, 10.52%, 0, 45, 3, 331.58
1437093980, 0, 283, 1064, 1034, 202, 10.53%, 0, 45, 3, 319.00
1437094036, 0, 283, 1065, 1035, 202, 10.53%, 0, 45, 3, 323.25
1437094062, 0, 283, 1067, 1037, 202, 10.57%, 0, 45, 3, 293.05
1437094082, 0, 283, 1068, 1038, 202, 10.59%, 0, 45, 3, 312.00
1437094103, 0, 283, 1069, 1039, 202, 10.65%, 0, 45, 3, 303.22
1437094159, 0, 283, 1070, 1040, 202, 10.65%, 0, 45, 3, 323.40
1437094180, 0, 283, 1072, 1042, 202, 10.69%, 0, 45, 3, 290.28
1437094231, 0, 283, 1074, 1044, 202, 10.70%, 0, 45, 3, 291.57
1437094251, 0, 283, 1075, 1045, 202, 10.70%, 0, 45, 3, 315.51
1437094374, 0, 283, 1077, 1047, 202, 10.71%, 0, 45, 3, 299.54
1437094379, 0, 283, 1078, 1048, 202, 10.72%, 0, 45, 3, 305.66
1437094415, 0, 283, 1079, 1049, 202, 10.73%, 0, 45, 3, 313.41
1437094420, 0, 283, 1080, 1050, 202, 10.74%, 0, 45, 3, 318.61
1437094471, 0, 283, 1081, 1051, 202, 10.74%, 0, 45, 3, 316.03
1437094476, 0, 287, 1081, 1050, 209, 10.74%, 0, 45, 3, 320.82
1437094497, 0, 291, 1081, 1049, 208, 10.74%, 0, 45, 3, 334.25
1437094523, 0, 294, 1081, 1048, 207, 10.74%, 0, 45, 3, 368.80
1437094568, 0, 298, 1081, 1047, 206, 10.74%, 0, 45, 3, 350.23
1437094599, 0, 298, 1082, 1048, 206, 10.74%, 0, 45, 3, 352.34
1437094609, 0, 298, 1083, 1049, 206, 10.74%, 0, 45, 3, 343.95
1437094639, 0, 298, 1084, 1050, 206, 10.75%, 0, 45, 3, 344.63
1437094649, 0, 298, 1085, 1051, 206, 10.75%, 0, 45, 3, 343.39
1437094669, 0, 298, 1086, 1052, 206, 10.75%, 0, 45, 3, 345.26
1437094710, 0, 298, 1089, 1055, 206, 10.75%, 0, 45, 3, 345.23
1437094755, 0, 298, 1090, 1056, 206, 10.75%, 0, 45, 3, 344.14
1437094785, 0, 298, 1091, 1057, 206, 10.75%, 0, 45, 3, 343.18
1437094816, 0, 298, 1092, 1058, 206, 10.75%, 0, 45, 3, 343.99
1437094897, 0, 298, 1093, 1059, 206, 10.75%, 0, 45, 3, 344.40
1437094937, 0, 298, 1094, 1060, 206, 10.78%, 0, 45, 3, 345.46
1437094942, 0, 300, 1094, 1059, 211, 10.78%, 0, 45, 3, 348.29
1437094993, 0, 304, 1094, 1058, 210, 10.78%, 0, 45, 3, 372.99
1437095034, 0, 320, 1094, 1057, 209, 10.78%, 0, 45, 3, 342.19
1437095085, 0, 326, 1094, 1056, 208, 10.78%, 0, 45, 3, 324.84
1437095106, 0, 326, 1095, 1057, 208, 10.81%, 0, 45, 3, 319.18
1437095132, 0, 328, 1095, 1056, 208, 10.81%, 0, 45, 3, 338.52
1437095162, 0, 328, 1096, 1057, 208, 10.83%, 0, 45, 3, 333.43
1437095188, 0, 329, 1096, 1056, 208, 10.83%, 0, 45, 3, 356.11
1437095228, 0, 333, 1096, 1055, 207, 10.83%, 0, 45, 3, 363.35
1437095259, 0, 336, 1096, 1054, 206, 10.83%, 0, 45, 3, 379.87
1437095289, 0, 336, 1096, 1054, 206, 10.83%, 0, 46, 3, 346.73
1437095294, 0, 342, 1096, 1053, 205, 10.83%, 0, 46, 3, 378.13
1437095300, 0, 342, 1096, 1053, 205, 10.83%, 0, 47, 3, 383.63
1437095351, 0, 344, 1096, 1052, 204, 10.83%, 0, 47, 3, 377.08
1437095407, 0, 349, 1096, 1051, 203, 10.83%, 0, 47, 3, 381.53
1437095459, 0, 352, 1096, 1050, 202, 10.83%, 0, 47, 3, 367.31
1437095484, 0, 362, 1098, 1051, 201, 10.83%, 0, 47, 3, 337.99
1437095489, 0, 362, 1099, 1052, 201, 10.84%, 0, 47, 3, 321.24
1437095494, 0, 362, 1100, 1053, 201, 10.84%, 0, 47, 3, 315.52
1437095504, 0, 362, 1101, 1054, 201, 10.84%, 0, 47, 3, 314.95
1437095560, 0, 362, 1102, 1055, 201, 10.84%, 0, 47, 3, 315.25
1437095611, 0, 362, 1103, 1056, 201, 10.86%, 0, 47, 3, 323.75
1437095840, 0, 362, 1104, 1057, 201, 10.87%, 0, 47, 3, 324.94
1437095865, 0, 362, 1105, 1058, 201, 10.94%, 0, 47, 3, 324.27
1437095982, 0, 364, 1105, 1057, 204, 10.94%, 0, 47, 3, 324.00
1437096018, 0, 364, 1105, 1057, 204, 10.94%, 0, 48, 3, 285.44
1437096038, 0, 368, 1105, 1056, 204, 10.94%, 0, 48, 3, 357.17
1437096064, 0, 372, 1107, 1057, 203, 10.94%, 0, 48, 3, 165.82
1437096069, 0, 372, 1108, 1058, 203, 10.94%, 0, 48, 3, 108.62
1437096079, 0, 372, 1109, 1059, 203, 10.94%, 0, 48, 3, 92.81
1437096085, 0, 372, 1109, 1059, 203, 10.94%, 0, 49, 3, 90.12
1437096100, 0, 372, 1111, 1061, 203, 10.95%, 0, 49, 3, 93.31
1437096105, 0, 372, 1112, 1062, 203, 10.95%, 0, 49, 3, 91.81
1437096116, 0, 372, 1113, 1063, 203, 10.96%, 0, 49, 3, 93.64
1437096131, 0, 372, 1116, 1066, 203, 10.96%, 0, 49, 3, 99.96
1437096136, 0, 372, 1118, 1068, 203, 10.96%, 0, 49, 3, 148.04
1437096141, 0, 372, 1120, 1070, 203, 10.96%, 0, 49, 3, 157.22
1437096146, 0, 372, 1121, 1071, 203, 10.96%, 0, 49, 3, 165.31
1437096151, 0, 372, 1124, 1074, 203, 10.96%, 0, 50, 3, 152.10
1437096156, 0, 372, 1125, 1075, 203, 10.96%, 0, 50, 3, 162.87
1437096161, 0, 372, 1126, 1076, 203, 10.96%, 0, 50, 3, 170.94
1437096166, 0, 372, 1128, 1078, 203, 10.96%, 0, 50, 3, 160.38
1437096177, 0, 372, 1129, 1079, 203, 10.96%, 0, 50, 3, 161.43
1437096182, 0, 372, 1130, 1080, 203, 10.96%, 0, 51, 3, 170.79
1437096187, 0, 372, 1131, 1081, 203, 10.96%, 0, 51, 3, 169.74
1437096192, 0, 372, 1132, 1082, 203, 10.96%, 0, 51, 3, 167.40
1437096197, 0, 372, 1132, 1082, 203, 10.96%, 0, 52, 3, 164.65
1437096207, 0, 372, 1132, 1082, 203, 10.96%, 0, 53, 3, 174.11
1437096217, 0, 372, 1134, 1084, 203, 10.96%, 0, 53, 3, 162.30
1437096227, 0, 372, 1136, 1086, 203, 10.96%, 0, 53, 3, 173.69
1437096237, 0, 372, 1137, 1087, 203, 10.96%, 0, 53, 3, 176.03
1437096258, 0, 372, 1138, 1088, 203, 10.96%, 0, 53, 3, 166.87
1437096273, 0, 372, 1139, 1089, 203, 10.97%, 0, 53, 3, 169.62
1437096278, 0, 372, 1140, 1090, 203, 10.97%, 0, 53, 3, 168.24
1437096339, 0, 372, 1141, 1091, 203, 10.97%, 0, 53, 3, 171.82
1437096354, 0, 372, 1142, 1092, 203, 10.97%, 0, 53, 3, 169.22
1437096405, 0, 372, 1144, 1094, 203, 10.97%, 0, 53, 3, 165.39
1437096440, 0, 372, 1145, 1095, 203, 10.97%, 0, 53, 3, 173.75
1437096486, 0, 372, 1146, 1096, 203, 10.97%, 0, 53, 3, 156.66
1437096516, 0, 372, 1147, 1097, 203, 10.97%, 0, 53, 3, 162.44
1437096532, 0, 372, 1148, 1098, 203, 10.98%, 0, 53, 3, 163.20
1437096537, 0, 372, 1148, 1098, 203, 10.98%, 0, 54, 3, 163.60
1437096557, 0, 372, 1148, 1098, 203, 10.98%, 0, 55, 3, 173.35
1437096562, 0, 372, 1148, 1098, 203, 10.98%, 0, 56, 3, 165.13
1437096603, 0, 372, 1149, 1099, 203, 10.98%, 0, 56, 3, 162.62
1437096664, 0, 372, 1151, 1101, 203, 10.98%, 0, 56, 3, 156.72
1437096725, 0, 372, 1152, 1102, 203, 10.98%, 0, 56, 3, 173.13
1437096831, 0, 372, 1152, 1102, 203, 10.98%, 0, 58, 3, 172.41
1437096938, 0, 372, 1153, 1103, 203, 10.98%, 0, 58, 3, 172.26
1437097049, 0, 372, 1154, 1104, 203, 10.98%, 0, 58, 3, 174.16
1437097069, 0, 375, 1154, 1103, 206, 10.98%, 0, 58, 3, 324.07
1437097115, 0, 376, 1154, 1102, 205, 10.98%, 0, 58, 3, 360.51
1437097166, 0, 379, 1154, 1101, 204, 10.98%, 0, 58, 3, 342.65
1437097212, 0, 391, 1154, 1100, 203, 10.98%, 0, 58, 3, 388.06
1437097252, 0, 394, 1154, 1099, 202, 10.98%, 0, 58, 3, 309.99
1437097277, 0, 397, 1154, 1098, 201, 10.98%, 0, 58, 3, 356.83
1437097293, 0, 397, 1155, 1099, 201, 10.98%, 0, 58, 3, 401.90
1437097298, 0, 397, 1157, 1101, 201, 10.99%, 0, 58, 3, 398.93
1437097318, 0, 397, 1158, 1102, 201, 10.99%, 0, 58, 3, 369.06
1437097344, 0, 402, 1158, 1101, 204, 10.99%, 0, 58, 3, 381.56
1437097359, 0, 402, 1161, 1104, 204, 10.99%, 0, 58, 3, 408.69
1437097365, 0, 402, 1163, 1106, 204, 10.99%, 0, 58, 3, 396.82
1437097410, 0, 404, 1163, 1105, 205, 10.99%, 0, 58, 3, 375.27
1437097420, 0, 404, 1164, 1106, 205, 10.99%, 0, 58, 3, 349.13
1437097426, 0, 404, 1165, 1107, 205, 10.99%, 0, 58, 3, 338.55
1437097507, 0, 405, 1165, 1106, 204, 10.99%, 0, 58, 3, 337.34
1437097558, 0, 407, 1165, 1105, 203, 10.99%, 0, 58, 3, 378.33
1437097614, 0, 408, 1165, 1104, 202, 10.99%, 0, 58, 3, 332.67
1437097635, 0, 409, 1165, 1103, 201, 10.99%, 0, 58, 3, 328.08
1437097686, 0, 414, 1165, 1102, 200, 10.99%, 0, 58, 3, 364.86
1437097721, 0, 416, 1165, 1101, 199, 10.99%, 0, 58, 3, 342.22
1437097726, 0, 416, 1166, 1102, 199, 10.99%, 0, 58, 3, 387.66
1437097742, 0, 416, 1167, 1103, 199, 10.99%, 0, 58, 3, 407.78
1437097752, 0, 416, 1170, 1106, 199, 10.99%, 0, 58, 3, 381.53
1437097757, 0, 416, 1173, 1109, 199, 10.99%, 0, 58, 3, 353.11
1437097778, 0, 416, 1174, 1110, 199, 10.99%, 0, 58, 3, 348.19
1437097793, 0, 416, 1175, 1111, 199, 10.99%, 0, 58, 3, 346.44
1437097803, 0, 416, 1176, 1112, 199, 10.99%, 0, 58, 3, 345.33
1437097819, 0, 416, 1177, 1113, 199, 10.99%, 0, 58, 3, 348.62
1437097840, 0, 416, 1178, 1114, 199, 10.99%, 0, 58, 3, 347.77
1437097845, 0, 416, 1179, 1115, 199, 10.99%, 0, 58, 3, 347.06
1437097902, 0, 416, 1181, 1117, 199, 10.99%, 0, 58, 3, 346.55
1437097907, 0, 416, 1182, 1118, 199, 10.99%, 0, 58, 3, 347.64
1437097917, 0, 416, 1183, 1119, 199, 10.99%, 0, 58, 3, 348.32
1437097928, 0, 416, 1184, 1120, 199, 10.99%, 0, 58, 3, 345.63
1437097980, 0, 416, 1185, 1121, 199, 10.99%, 0, 58, 3, 348.66
1437098101, 0, 422, 1186, 1121, 197, 10.99%, 0, 58, 3, 392.84
1437098167, 0, 426, 1186, 1120, 197, 10.99%, 0, 58, 3, 344.56
1437098208, 0, 431, 1186, 1119, 196, 10.99%, 0, 58, 3, 386.41
1437098274, 0, 438, 1190, 1122, 195, 11.01%, 0, 58, 3, 316.48
1437098279, 0, 438, 1208, 1140, 195, 11.03%, 0, 59, 3, 266.10
1437098285, 0, 438, 1216, 1148, 195, 11.03%, 0, 60, 3, 301.30
1437098290, 0, 438, 1222, 1154, 195, 11.09%, 0, 60, 3, 281.78
1437098295, 0, 438, 1229, 1161, 195, 11.09%, 0, 60, 3, 305.08
1437098300, 0, 438, 1235, 1167, 195, 11.09%, 0, 60, 3, 312.18
1437098305, 0, 438, 1241, 1173, 195, 11.15%, 0, 60, 3, 277.71
1437098310, 0, 438, 1243, 1175, 195, 11.15%, 0, 60, 3, 299.86
1437098315, 0, 438, 1247, 1179, 195, 11.16%, 0, 60, 3, 274.27
1437098320, 0, 438, 1250, 1182, 195, 11.18%, 0, 60, 3, 278.52
1437098325, 0, 438, 1251, 1183, 195, 11.18%, 0, 60, 3, 305.76
1437098331, 0, 438, 1254, 1186, 195, 11.18%, 0, 60, 3, 306.34
1437098341, 0, 438, 1256, 1188, 195, 11.19%, 0, 60, 3, 312.83
1437098346, 0, 438, 1259, 1191, 195, 11.19%, 0, 60, 3, 316.21
1437098351, 0, 438, 1260, 1192, 195, 11.19%, 0, 60, 3, 308.48
1437098356, 0, 438, 1263, 1195, 195, 11.19%, 0, 60, 3, 299.69
1437098361, 0, 438, 1264, 1196, 195, 11.19%, 0, 60, 3, 313.12
1437098366, 0, 438, 1267, 1199, 195, 11.19%, 0, 60, 3, 313.25
1437098371, 0, 438, 1268, 1200, 195, 11.19%, 0, 60, 3, 312.21
1437098377, 0, 438, 1270, 1202, 195, 11.20%, 0, 61, 3, 289.44
1437098387, 0, 438, 1271, 1203, 195, 11.20%, 0, 61, 3, 312.62
1437098392, 0, 438, 1272, 1204, 195, 11.21%, 0, 61, 3, 313.63
1437098397, 0, 438, 1273, 1205, 195, 11.21%, 0, 61, 3, 315.91
1437098402, 0, 438, 1276, 1208, 195, 11.22%, 0, 62, 3, 292.80
1437098412, 0, 438, 1277, 1209, 195, 11.23%, 0, 62, 3, 311.73
1437098417, 0, 438, 1278, 1210, 195, 11.23%, 0, 62, 3, 312.11
1437098422, 0, 438, 1279, 1211, 195, 11.23%, 0, 62, 3, 307.70
1437098437, 0, 438, 1282, 1214, 195, 11.24%, 0, 62, 3, 301.02
1437098453, 0, 438, 1282, 1214, 195, 11.24%, 1, 62, 3, 315.23
1437098458, 0, 438, 1282, 1214, 195, 11.24%, 1, 63, 3, 310.57
1437098463, 0, 438, 1283, 1215, 195, 11.24%, 2, 63, 3, 313.17
1437098468, 0, 438, 1284, 1216, 195, 11.24%, 2, 63, 3, 314.29
1437098473, 0, 438, 1286, 1218, 195, 11.24%, 2, 63, 3, 314.07
1437098483, 0, 438, 1287, 1219, 195, 11.24%, 2, 63, 3, 315.45
1437098488, 0, 438, 1288, 1220, 195, 11.24%, 2, 63, 3, 305.42
1437098493, 0, 438, 1289, 1221, 195, 11.24%, 2, 63, 3, 314.81
1437098498, 0, 438, 1290, 1222, 195, 11.24%, 3, 63, 3, 311.21
1437098513, 0, 438, 1292, 1224, 195, 11.25%, 3, 63, 3, 315.15
1437098518, 0, 438, 1293, 1225, 195, 11.47%, 3, 63, 3, 291.60
1437098523, 0, 438, 1294, 1226, 195, 11.47%, 4, 63, 3, 308.67
1437098528, 0, 438, 1297, 1229, 195, 11.48%, 4, 64, 3, 296.21
1437098544, 0, 438, 1297, 1229, 195, 11.48%, 4, 66, 3, 314.99
1437098559, 0, 438, 1298, 1230, 195, 11.48%, 4, 66, 3, 317.18
1437098569, 0, 438, 1299, 1231, 195, 11.50%, 4, 66, 3, 309.94
1437098594, 0, 438, 1302, 1234, 195, 11.51%, 4, 66, 3, 274.50
1437098599, 0, 438, 1303, 1235, 195, 11.53%, 4, 66, 3, 283.48
1437098610, 0, 438, 1304, 1236, 195, 11.55%, 4, 66, 3, 291.26
1437098620, 0, 438, 1305, 1237, 195, 11.55%, 4, 66, 3, 313.38
1437098630, 0, 438, 1306, 1238, 195, 11.55%, 4, 66, 3, 311.90
1437098655, 0, 438, 1307, 1239, 195, 11.55%, 4, 66, 3, 291.07
1437098661, 0, 438, 1308, 1240, 195, 11.56%, 4, 66, 3, 311.52
1437098666, 0, 438, 1309, 1241, 195, 11.56%, 4, 66, 3, 306.10
1437098671, 0, 438, 1310, 1242, 195, 11.56%, 4, 66, 3, 293.23
1437098676, 0, 438, 1312, 1244, 195, 11.57%, 5, 66, 3, 298.71
1437098681, 0, 438, 1312, 1244, 195, 11.57%, 5, 67, 3, 309.78
1437098696, 0, 438, 1315, 1247, 195, 11.57%, 5, 67, 3, 303.56
1437098701, 0, 438, 1316, 1248, 195, 11.57%, 5, 67, 3, 307.93
1437098721, 0, 438, 1317, 1249, 195, 11.58%, 5, 67, 3, 314.08
1437098726, 0, 438, 1318, 1250, 195, 11.60%, 5, 67, 3, 297.14
1437098732, 0, 438, 1321, 1253, 195, 11.60%, 5, 67, 3, 301.70
1437098737, 0, 438, 1323, 1255, 195, 11.60%, 5, 67, 3, 300.36
1437098742, 0, 438, 1324, 1256, 195, 11.60%, 5, 67, 3, 309.41
1437098747, 0, 438, 1326, 1258, 195, 11.61%, 5, 67, 3, 298.44
1437098762, 0, 438, 1327, 1259, 195, 11.66%, 5, 67, 3, 301.60
1437098772, 0, 438, 1329, 1261, 195, 11.66%, 5, 67, 3, 300.43
1437098793, 0, 438, 1330, 1262, 195, 11.66%, 5, 67, 3, 311.88
1437098798, 0, 438, 1331, 1263, 195, 11.66%, 5, 67, 3, 289.54
1437098813, 0, 442, 1332, 1263, 226, 11.69%, 5, 68, 3, 272.15
1437098874, 0, 450, 1332, 1262, 225, 11.69%, 5, 68, 3, 387.83
1437098940, 0, 452, 1332, 1261, 224, 11.69%, 5, 68, 3, 375.92
1437098991, 0, 456, 1333, 1261, 223, 11.69%, 5, 68, 3, 399.48
1437099057, 0, 464, 1333, 1260, 222, 11.69%, 5, 68, 3, 377.14
1437099128, 0, 464, 1333, 1260, 222, 11.69%, 5, 69, 3, 375.50
1437099168, 0, 490, 1333, 1259, 221, 11.69%, 5, 69, 3, 337.44
1437099214, 0, 490, 1333, 1259, 221, 11.69%, 5, 70, 3, 235.18
1437099351, 0, 550, 1333, 1258, 220, 11.69%, 5, 70, 3, 282.59
1437099503, 0, 550, 1334, 1259, 220, 11.69%, 5, 70, 3, 341.55
1437099519, 0, 567, 1334, 1258, 219, 11.69%, 5, 70, 3, 379.58
1437099534, 0, 567, 1338, 1262, 219, 11.71%, 5, 70, 3, 401.22
1437099565, 0, 568, 1338, 1261, 222, 11.71%, 5, 70, 3, 377.90
1437099570, 0, 568, 1339, 1262, 222, 11.71%, 5, 70, 3, 401.40
1437099600, 0, 576, 1339, 1261, 222, 11.71%, 5, 70, 3, 303.12
1437099666, 0, 576, 1339, 1261, 222, 11.71%, 5, 71, 3, 216.13
1437099762, 0, 591, 1339, 1260, 221, 11.71%, 5, 71, 3, 289.96
1437099773, 0, 591, 1339, 1260, 221, 11.71%, 5, 72, 3, 231.03
1437099926, 0, 591, 1340, 1261, 221, 11.71%, 5, 72, 3, 323.23
1437099942, 0, 591, 1341, 1262, 221, 11.71%, 5, 72, 3, 329.43
1437099977, 0, 595, 1341, 1261, 220, 11.71%, 5, 72, 3, 296.16
1437100126, 0, 596, 1341, 1260, 219, 11.71%, 5, 72, 3, 343.54
1437100191, 0, 623, 1341, 1259, 218, 11.71%, 5, 72, 3, 248.12
1437100196, 0, 623, 1342, 1260, 218, 11.71%, 5, 73, 3, 312.09
1437100201, 0, 623, 1342, 1260, 218, 11.71%, 5, 75, 3, 324.35
1437100212, 0, 623, 1342, 1260, 218, 11.71%, 5, 76, 3, 325.23
1437100218, 0, 623, 1342, 1260, 218, 11.71%, 5, 78, 3, 35.38
1437100223, 0, 623, 1343, 1261, 218, 12.03%, 5, 79, 3, 321.99
1437100234, 0, 623, 1344, 1262, 218, 12.07%, 5, 82, 3, 303.82
1437100240, 0, 623, 1345, 1263, 218, 12.08%, 5, 82, 3, 3.27
1437100251, 0, 623, 1345, 1263, 218, 12.08%, 5, 84, 3, 290.87
