# unix_time, cycles_done, cur_path, paths_total, pending_total, pending_favs, map_size, unique_crashes, unique_hangs, max_depth, execs_per_sec, execs_so_far
1440310902, 0, 0, 1, 1, 1, 3.97%, 0, 0, 1, 227.27, 10
1440310907, 0, 0, 48, 48, 1, 4.55%, 0, 0, 2, 240.17, 946
1440310912, 0, 0, 77, 77, 1, 5.69%, 0, 0, 2, 299.78, 2177
1440310917, 0, 0, 100, 100, 1, 5.81%, 0, 0, 2, 299.39, 3714
1440310922, 0, 0, 109, 109, 1, 5.85%, 0, 0, 2, 301.54, 5225
1440310927, 0, 0, 119, 119, 1, 6.45%, 0, 0, 2, 293.07, 6677
1440310932, 0, 0, 126, 126, 1, 6.47%, 0, 0, 2, 311.57, 8309
1440310937, 0, 0, 164, 164, 1, 6.50%, 0, 0, 2, 277.97, 9597
1440310942, 0, 0, 169, 169, 1, 6.50%, 0, 0, 2, 287.96, 11082
1440310963, 0, 0, 170, 170, 1, 6.50%, 0, 0, 2, 308.63, 17504
1440310968, 0, 0, 175, 175, 1, 6.50%, 0, 0, 2, 293.36, 19025
1440310978, 0, 0, 177, 177, 1, 6.51%, 0, 0, 2, 313.18, 22150
1440310983, 0, 0, 184, 184, 1, 6.53%, 0, 0, 2, 308.18, 23678
1440310988, 0, 0, 185, 185, 1, 6.53%, 0, 0, 2, 314.12, 25260
1440310998, 0, 0, 193, 193, 1, 6.59%, 0, 0, 2, 309.14, 28317
1440311018, 0, 0, 206, 206, 1, 6.60%, 0, 0, 2, 301.60, 34641
1440311023, 0, 0, 227, 227, 1, 6.60%, 0, 0, 2, 280.39, 36070
1440311028, 0, 0, 243, 243, 1, 6.63%, 0, 0, 2, 269.59, 37427
1440311033, 0, 0, 255, 255, 1, 6.63%, 0, 0, 2, 274.51, 38810
1440311039, 0, 0, 272, 272, 1, 6.64%, 0, 0, 2, 276.34, 40245
1440311044, 0, 0, 286, 286, 1, 6.65%, 0, 0, 2, 267.35, 41570
1440311049, 0, 0, 294, 294, 1, 6.67%, 0, 1, 2, 277.49, 42970
1440311054, 0, 0, 305, 305, 1, 6.89%, 0, 1, 2, 273.69, 44330
1440311059, 0, 0, 314, 314, 1, 6.90%, 0, 1, 2, 275.05, 45700
1440311064, 0, 0, 326, 326, 1, 6.90%, 0, 1, 2, 276.41, 47143
1440311069, 0, 0, 330, 330, 1, 6.92%, 0, 1, 2, 278.25, 48590
1440311074, 0, 0, 336, 336, 1, 6.92%, 0, 1, 2, 276.95, 50030
1440311079, 0, 0, 341, 341, 1, 6.92%, 0, 1, 2, 275.46, 51410
1440311084, 0, 0, 349, 349, 1, 6.92%, 0, 1, 2, 273.12, 52800
1440311090, 0, 0, 354, 354, 1, 6.92%, 0, 1, 2, 279.04, 54250
1440311095, 0, 0, 358, 358, 1, 6.93%, 0, 1, 2, 275.99, 55635
1440311100, 0, 0, 368, 368, 1, 6.93%, 0, 1, 2, 277.67, 57025
1440311105, 0, 0, 377, 377, 1, 6.98%, 0, 1, 2, 276.04, 58460
1440311110, 0, 0, 383, 383, 1, 6.98%, 0, 1, 2, 275.79, 59860
