# unix_time, cycles_done, cur_path, paths_total, pending_total, pending_favs, map_size, unique_crashes, unique_hangs, max_depth, execs_per_sec
1437156652, 0, 0, 72, 72, 31, 2.84%, 0, 0, 1, 182.09
1437156657, 0, 2, 103, 103, 31, 2.85%, 0, 0, 2, 202.43
1437156662, 0, 2, 110, 110, 31, 2.86%, 0, 0, 2, 210.84
1437156667, 0, 2, 112, 112, 31, 2.86%, 0, 0, 2, 214.68
1437156672, 0, 2, 119, 119, 31, 2.88%, 0, 0, 2, 207.51
1437156677, 0, 2, 124, 124, 31, 2.88%, 0, 0, 2, 210.55
1437156703, 0, 2, 125, 125, 31, 2.88%, 0, 0, 2, 222.49
1437156713, 0, 2, 127, 127, 31, 2.88%, 0, 0, 2, 223.25
1437156723, 0, 2, 130, 130, 31, 2.88%, 0, 0, 2, 227.33
1437156728, 0, 2, 131, 131, 31, 2.89%, 0, 0, 2, 227.61
1437156738, 0, 2, 132, 132, 31, 2.89%, 0, 0, 2, 227.58
1437156753, 0, 2, 133, 133, 31, 2.89%, 0, 0, 2, 227.05
1437156758, 0, 2, 134, 134, 31, 2.89%, 0, 0, 2, 227.71
1437156763, 0, 2, 135, 135, 31, 2.89%, 0, 0, 2, 227.44
1437156768, 0, 2, 138, 138, 31, 2.89%, 0, 0, 2, 227.41
1437156773, 0, 2, 140, 140, 31, 2.89%, 0, 0, 2, 227.54
1437156783, 0, 2, 141, 141, 31, 2.89%, 0, 0, 2, 227.42
1437156789, 0, 2, 142, 142, 31, 2.89%, 0, 0, 2, 227.67
1437156859, 0, 2, 144, 144, 31, 2.89%, 0, 0, 2, 228.13
1437156884, 0, 2, 145, 145, 31, 2.89%, 0, 0, 2, 228.31
1437156910, 0, 2, 146, 146, 31, 2.89%, 0, 0, 2, 228.19
1437156950, 0, 2, 147, 147, 31, 2.89%, 0, 0, 2, 228.32
1437156985, 0, 2, 148, 148, 31, 2.90%, 0, 0, 2, 228.39
1437157001, 0, 2, 150, 150, 31, 2.90%, 0, 0, 2, 228.15
1437157041, 0, 2, 151, 151, 31, 2.90%, 0, 0, 2, 228.00
1437157086, 0, 2, 152, 152, 31, 2.90%, 0, 0, 2, 228.41
1437157102, 0, 2, 153, 153, 31, 2.90%, 0, 0, 2, 228.46
1437157177, 0, 2, 154, 154, 31, 2.90%, 0, 0, 2, 227.92
1437157203, 0, 2, 155, 155, 31, 2.90%, 0, 0, 2, 227.71
1437157364, 0, 3, 155, 154, 62, 2.90%, 0, 0, 2, 228.06
1437157384, 0, 3, 156, 155, 62, 2.90%, 0, 0, 2, 228.23
1437157389, 0, 3, 157, 156, 62, 2.90%, 0, 0, 2, 227.98
1437157400, 0, 3, 158, 157, 62, 2.90%, 0, 0, 2, 224.08
1437157542, 0, 4, 169, 167, 61, 2.91%, 0, 0, 2, 228.09
1437157547, 0, 4, 172, 170, 61, 2.93%, 0, 0, 2, 228.41
1437157552, 0, 4, 176, 174, 61, 2.94%, 0, 0, 2, 227.75
1437157557, 0, 4, 178, 176, 61, 2.94%, 0, 0, 2, 227.83
1437157562, 0, 4, 180, 178, 61, 2.94%, 0, 0, 2, 227.66
1437157567, 0, 4, 181, 179, 61, 2.94%, 0, 0, 2, 228.08
1437157572, 0, 4, 182, 180, 61, 2.94%, 0, 0, 2, 228.33
1437157587, 0, 4, 183, 181, 61, 2.94%, 0, 0, 2, 228.04
1437157602, 0, 4, 184, 182, 61, 2.94%, 0, 0, 2, 228.11
1437157607, 0, 4, 186, 184, 61, 2.94%, 0, 0, 2, 227.73
1437157617, 0, 4, 189, 187, 61, 2.94%, 0, 0, 2, 227.28
1437157643, 0, 4, 190, 188, 61, 2.95%, 0, 0, 2, 228.23
1437157673, 0, 4, 191, 189, 61, 2.95%, 0, 0, 2, 227.91
1437157703, 0, 4, 192, 190, 61, 2.95%, 0, 0, 2, 228.01
1437157708, 0, 4, 193, 191, 61, 2.95%, 0, 0, 2, 227.89
1437157713, 0, 4, 194, 192, 61, 2.95%, 0, 0, 2, 228.19
1437157744, 0, 4, 195, 193, 61, 2.95%, 0, 0, 2, 228.00
1437157764, 0, 4, 196, 194, 61, 2.96%, 0, 0, 2, 227.84
1437157774, 0, 4, 198, 196, 61, 2.96%, 0, 0, 2, 227.86
1437157779, 0, 4, 199, 197, 61, 2.96%, 0, 0, 2, 227.50
1437157804, 0, 4, 201, 199, 61, 2.96%, 0, 0, 2, 227.44
1437157830, 0, 4, 202, 200, 61, 2.96%, 0, 0, 2, 227.08
1437157865, 0, 4, 203, 201, 61, 2.96%, 0, 0, 2, 227.29
1437157870, 0, 4, 204, 202, 61, 2.96%, 0, 0, 2, 227.33
1437157891, 0, 4, 205, 203, 61, 2.96%, 0, 0, 2, 227.17
1437158048, 0, 4, 206, 204, 61, 2.96%, 0, 0, 2, 226.92
1437158058, 0, 4, 207, 205, 61, 2.96%, 0, 0, 2, 226.46
1437158063, 0, 4, 208, 206, 61, 2.96%, 0, 0, 2, 227.18
1437158068, 0, 4, 209, 207, 61, 2.96%, 0, 0, 2, 227.24
1437158144, 0, 4, 210, 208, 61, 2.96%, 0, 0, 2, 227.64
1437158174, 0, 4, 211, 209, 61, 2.96%, 0, 0, 2, 227.61
1437158195, 0, 4, 212, 210, 61, 2.96%, 0, 0, 2, 226.82
1437158245, 0, 5, 212, 209, 78, 2.96%, 0, 0, 2, 226.56
1437158250, 0, 5, 216, 213, 78, 2.96%, 0, 0, 2, 226.54
1437158255, 0, 5, 217, 214, 78, 2.96%, 0, 0, 2, 226.33
1437158261, 0, 5, 218, 215, 78, 2.96%, 0, 0, 2, 226.07
1437158276, 0, 5, 219, 216, 78, 2.96%, 0, 0, 2, 226.76
1437158301, 0, 5, 221, 218, 78, 2.96%, 0, 0, 2, 226.32
1437158306, 0, 5, 222, 219, 78, 2.96%, 0, 0, 2, 226.43
1437158311, 0, 5, 223, 220, 78, 2.96%, 0, 0, 2, 226.27
1437158357, 0, 5, 224, 221, 78, 2.96%, 0, 0, 2, 226.43
1437158469, 0, 5, 225, 222, 78, 2.96%, 0, 0, 2, 226.64
1437158479, 0, 5, 226, 223, 78, 2.96%, 0, 0, 2, 227.18
1437158530, 0, 5, 227, 224, 78, 2.96%, 0, 0, 2, 227.11
1437158627, 0, 5, 228, 225, 78, 2.96%, 0, 0, 2, 225.83
1437158688, 0, 5, 229, 226, 78, 2.96%, 0, 0, 2, 225.87
1437158739, 0, 5, 230, 227, 78, 2.96%, 0, 0, 2, 225.45
1437158876, 0, 5, 231, 228, 78, 2.97%, 0, 0, 2, 227.02
1437158958, 0, 6, 231, 227, 80, 2.97%, 0, 0, 2, 227.26
1437159049, 0, 6, 232, 228, 80, 2.97%, 0, 0, 2, 227.66
1437159094, 0, 8, 233, 228, 80, 2.97%, 0, 0, 2, 227.76
1437159099, 0, 8, 235, 230, 80, 2.97%, 0, 0, 2, 227.58
1437159104, 0, 8, 236, 231, 80, 2.97%, 0, 0, 2, 227.79
1437159114, 0, 8, 238, 233, 80, 2.97%, 0, 0, 2, 226.46
1437159135, 0, 8, 239, 234, 80, 2.97%, 0, 0, 2, 227.83
1437159145, 0, 8, 241, 236, 80, 2.98%, 0, 0, 2, 227.43
1437159165, 0, 8, 242, 237, 80, 2.98%, 0, 0, 2, 227.60
1437159393, 0, 8, 243, 238, 80, 2.98%, 0, 0, 2, 227.11
1437159408, 0, 8, 244, 239, 80, 2.98%, 0, 0, 2, 227.31
1437159443, 0, 8, 245, 240, 80, 2.98%, 0, 0, 2, 227.48
1437159524, 0, 8, 246, 241, 80, 2.98%, 0, 0, 2, 227.54
1437159799, 0, 12, 247, 241, 86, 2.98%, 0, 0, 2, 223.57
1437159815, 0, 12, 248, 242, 86, 2.98%, 0, 0, 2, 224.16
1437159820, 0, 12, 249, 243, 86, 2.98%, 0, 0, 2, 223.76
1437159892, 0, 12, 251, 245, 86, 2.98%, 0, 0, 2, 224.05
1437159974, 0, 12, 252, 246, 86, 2.98%, 0, 0, 2, 200.47
1437160056, 0, 12, 253, 247, 86, 2.98%, 0, 0, 2, 196.79
1437160568, 0, 13, 253, 246, 88, 2.98%, 0, 0, 2, 209.59
1437160593, 0, 13, 254, 247, 88, 2.98%, 0, 0, 2, 204.23
1437160619, 0, 14, 254, 246, 87, 2.98%, 0, 0, 2, 209.61
1437160645, 0, 17, 254, 245, 86, 2.98%, 0, 0, 2, 208.20
1437160665, 0, 21, 254, 244, 85, 2.98%, 0, 0, 2, 206.18
1437160690, 0, 32, 254, 243, 84, 2.98%, 0, 0, 2, 207.55
1437160917, 0, 38, 254, 242, 83, 2.98%, 0, 0, 2, 204.88
1437160922, 0, 38, 256, 244, 83, 2.98%, 0, 0, 2, 206.99
1437160927, 0, 38, 257, 245, 83, 2.98%, 0, 0, 2, 208.89
1437160948, 0, 38, 258, 246, 83, 2.98%, 0, 0, 2, 206.13
1437160953, 0, 38, 259, 247, 83, 2.98%, 0, 0, 2, 206.96
1437160963, 0, 38, 260, 248, 83, 2.98%, 0, 0, 2, 207.48
1437161019, 0, 38, 261, 249, 83, 2.98%, 0, 0, 2, 207.72
1437161079, 0, 38, 262, 250, 83, 2.98%, 0, 0, 2, 208.30
1437161160, 0, 38, 263, 251, 83, 2.98%, 0, 0, 2, 207.67
1437161373, 0, 38, 264, 252, 83, 2.98%, 0, 0, 2, 207.03
1437161393, 0, 38, 265, 253, 83, 2.98%, 0, 0, 2, 207.97
1437161667, 0, 43, 265, 252, 82, 2.98%, 0, 0, 2, 226.99
1437161794, 0, 46, 266, 252, 81, 2.98%, 0, 0, 2, 226.94
1437161799, 0, 46, 267, 253, 81, 2.98%, 0, 0, 2, 226.54
1437161845, 0, 46, 268, 254, 81, 2.98%, 0, 0, 2, 227.29
1437161956, 0, 46, 269, 255, 81, 2.98%, 0, 0, 2, 227.50
1437162032, 0, 46, 270, 256, 81, 2.98%, 0, 0, 2, 226.63
1437162296, 0, 46, 271, 257, 81, 2.98%, 0, 0, 2, 227.19
1437162498, 0, 51, 272, 257, 81, 2.98%, 0, 0, 2, 227.12
1437162503, 0, 51, 275, 260, 81, 2.98%, 0, 0, 2, 227.43
1437162854, 0, 60, 278, 262, 81, 2.98%, 0, 0, 2, 226.03
1437162859, 0, 60, 280, 264, 81, 2.98%, 0, 0, 2, 226.36
1437162864, 0, 60, 281, 265, 81, 2.98%, 0, 0, 2, 226.48
1437162869, 0, 60, 282, 266, 81, 2.98%, 0, 0, 2, 225.88
1437162879, 0, 60, 283, 267, 81, 2.98%, 0, 0, 2, 226.60
1437162915, 0, 60, 284, 268, 81, 2.98%, 0, 0, 2, 227.18
1437162930, 0, 60, 285, 269, 81, 2.98%, 0, 0, 2, 226.62
1437162940, 0, 60, 286, 270, 81, 2.98%, 0, 0, 2, 227.25
1437163189, 0, 60, 287, 271, 81, 2.98%, 0, 0, 2, 226.53
1437163442, 0, 60, 288, 272, 81, 2.98%, 0, 0, 2, 227.30
1437163559, 0, 73, 288, 271, 81, 2.98%, 0, 0, 2, 226.50
1437163594, 0, 74, 288, 270, 80, 2.98%, 0, 0, 2, 225.72
1437163614, 0, 81, 288, 269, 79, 2.98%, 0, 0, 2, 226.98
1437163675, 0, 84, 288, 268, 76, 2.98%, 0, 0, 2, 227.63
1437163736, 0, 85, 288, 267, 75, 2.98%, 0, 0, 2, 199.13
1437163793, 0, 87, 288, 266, 74, 2.98%, 0, 0, 2, 201.28
1437163880, 0, 90, 288, 265, 73, 2.98%, 0, 0, 2, 204.38
1437163906, 0, 92, 288, 264, 72, 2.98%, 0, 0, 2, 210.01
1437163951, 0, 93, 288, 263, 71, 2.98%, 0, 0, 2, 210.11
1437164003, 0, 94, 288, 262, 70, 2.98%, 0, 0, 2, 210.22
1437164073, 0, 95, 288, 261, 69, 2.98%, 0, 0, 2, 208.03
1437164154, 0, 97, 288, 260, 68, 2.98%, 0, 0, 2, 208.18
1437164219, 0, 99, 288, 259, 67, 2.98%, 0, 0, 2, 209.10
1437164255, 0, 100, 288, 258, 66, 2.98%, 0, 0, 2, 211.05
1437164326, 0, 103, 288, 257, 65, 2.98%, 0, 0, 2, 211.58
1437164391, 0, 105, 288, 256, 64, 2.98%, 0, 0, 2, 204.43
1437164447, 0, 107, 288, 255, 63, 2.98%, 0, 0, 2, 209.49
1437164508, 0, 107, 289, 256, 63, 2.98%, 0, 0, 3, 209.62
1437164549, 0, 108, 289, 255, 62, 2.98%, 0, 0, 3, 210.71
1437164625, 0, 109, 289, 254, 61, 2.98%, 0, 0, 3, 227.19
1437164696, 0, 110, 289, 253, 60, 2.98%, 0, 0, 3, 227.30
1437164761, 0, 111, 289, 252, 59, 2.98%, 0, 0, 3, 227.17
1437164832, 0, 112, 289, 251, 58, 2.98%, 0, 0, 3, 226.95
1437164888, 0, 114, 289, 250, 57, 2.98%, 0, 0, 3, 223.27
1437164955, 0, 115, 289, 249, 56, 2.98%, 0, 0, 3, 223.90
1437165027, 0, 116, 289, 248, 55, 2.98%, 0, 0, 3, 223.39
1437165088, 0, 117, 289, 247, 54, 2.98%, 0, 0, 3, 227.93
1437165164, 0, 123, 289, 246, 53, 2.98%, 0, 0, 3, 227.55
1437165229, 0, 130, 289, 245, 52, 2.98%, 0, 0, 3, 227.87
1437165290, 0, 131, 289, 244, 51, 2.98%, 0, 0, 3, 227.35
1437165361, 0, 132, 289, 243, 50, 2.98%, 0, 0, 3, 227.44
1437165437, 0, 133, 289, 242, 49, 2.98%, 0, 0, 3, 225.98
1437165528, 0, 135, 289, 241, 48, 2.98%, 0, 0, 3, 227.57
1437165589, 0, 142, 289, 240, 47, 2.98%, 0, 0, 3, 227.63
1437165671, 0, 143, 289, 239, 46, 2.98%, 0, 0, 3, 223.52
1437165732, 0, 146, 289, 238, 45, 2.98%, 0, 0, 3, 227.55
1437165823, 0, 147, 289, 237, 44, 2.98%, 0, 0, 3, 226.99
1437165909, 0, 152, 289, 236, 43, 2.98%, 0, 0, 3, 227.87
1437165985, 0, 153, 289, 235, 42, 2.98%, 0, 0, 3, 227.29
1437166055, 0, 162, 289, 234, 41, 2.98%, 0, 0, 3, 227.75
1437166197, 0, 165, 289, 233, 40, 2.98%, 0, 0, 3, 226.85
1437166319, 0, 173, 289, 232, 40, 2.98%, 0, 0, 3, 227.56
1437166452, 0, 177, 289, 231, 39, 2.98%, 0, 0, 3, 223.00
1437166574, 0, 177, 290, 232, 39, 2.98%, 0, 0, 3, 227.49
1437166605, 0, 180, 290, 231, 38, 2.98%, 0, 0, 3, 227.29
1437166726, 0, 184, 290, 230, 37, 2.98%, 0, 0, 3, 228.11
1437166919, 0, 185, 290, 229, 36, 2.98%, 0, 0, 3, 223.35
1437167032, 0, 185, 291, 230, 36, 2.99%, 0, 0, 3, 226.40
1437167180, 0, 187, 291, 229, 37, 2.99%, 0, 0, 3, 227.40
1437167246, 0, 188, 291, 228, 36, 2.99%, 0, 0, 3, 227.27
1437167321, 0, 189, 291, 227, 35, 2.99%, 0, 0, 3, 228.05
1437167453, 0, 193, 291, 226, 34, 2.99%, 0, 0, 3, 227.76
1437167564, 0, 194, 291, 225, 33, 2.99%, 0, 0, 3, 227.98
1437167686, 0, 195, 291, 224, 32, 2.99%, 0, 0, 3, 223.05
1437167907, 0, 201, 291, 223, 31, 2.99%, 0, 0, 3, 226.41
1437167917, 0, 201, 292, 224, 31, 2.99%, 0, 0, 3, 227.20
1437167998, 0, 203, 292, 223, 31, 2.99%, 0, 0, 3, 227.35
1437168121, 0, 208, 292, 222, 30, 2.99%, 0, 0, 3, 222.45
1437168339, 0, 211, 292, 221, 29, 2.99%, 0, 0, 3, 226.93
1437168446, 0, 213, 292, 220, 28, 2.99%, 0, 0, 3, 226.86
1437168680, 0, 224, 292, 219, 27, 2.99%, 0, 0, 3, 226.73
1437168857, 0, 226, 292, 218, 26, 2.99%, 0, 0, 3, 226.14
1437168974, 0, 226, 293, 219, 26, 2.99%, 0, 0, 3, 226.32
1437169132, 0, 227, 293, 218, 26, 2.99%, 0, 0, 3, 226.54
1437169213, 0, 230, 293, 217, 25, 2.99%, 0, 0, 3, 226.55
1437169304, 0, 231, 293, 216, 24, 2.99%, 0, 0, 3, 228.16
1437169426, 0, 232, 293, 215, 23, 2.99%, 0, 0, 3, 227.16
1437169528, 0, 233, 293, 214, 22, 2.99%, 0, 0, 3, 226.84
1437169639, 0, 236, 293, 213, 21, 2.99%, 0, 0, 3, 226.34
1437169644, 0, 236, 294, 214, 21, 2.99%, 0, 0, 3, 226.56
1437169665, 0, 236, 296, 216, 21, 2.99%, 0, 0, 3, 226.52
1437169776, 0, 236, 297, 217, 21, 2.99%, 0, 0, 3, 226.76
1437169817, 0, 237, 297, 216, 20, 2.99%, 0, 0, 3, 226.77
1437169908, 0, 238, 297, 215, 19, 2.99%, 0, 0, 3, 227.04
1437170030, 0, 238, 298, 216, 19, 2.99%, 0, 0, 3, 227.33
1437170065, 0, 240, 298, 215, 19, 2.99%, 0, 0, 3, 225.23
1437170162, 0, 242, 298, 214, 18, 2.99%, 0, 0, 3, 227.46
1437170207, 0, 242, 299, 215, 18, 2.99%, 0, 0, 3, 226.67
1437170293, 0, 243, 299, 214, 16, 2.99%, 0, 0, 3, 227.45
1437170380, 0, 245, 299, 213, 15, 2.99%, 0, 0, 3, 226.68
1437170435, 0, 247, 299, 212, 14, 2.99%, 0, 0, 3, 224.00
1437170522, 0, 248, 299, 211, 13, 2.99%, 0, 0, 3, 227.90
1437170638, 0, 250, 299, 210, 12, 2.99%, 0, 0, 3, 225.54
1437170729, 0, 252, 299, 209, 11, 2.99%, 0, 0, 3, 227.53
1437170744, 0, 252, 300, 210, 11, 2.99%, 0, 0, 3, 227.50
1437170861, 0, 256, 300, 209, 11, 2.99%, 0, 0, 3, 226.02
1437170932, 0, 256, 301, 210, 11, 2.99%, 0, 0, 3, 227.20
1437170962, 0, 259, 301, 209, 10, 2.99%, 0, 0, 3, 227.06
1437171013, 0, 259, 302, 210, 10, 2.99%, 0, 0, 3, 227.77
1437171053, 0, 267, 302, 209, 9, 2.99%, 0, 0, 3, 226.98
1437171144, 0, 267, 303, 210, 9, 2.99%, 0, 0, 3, 227.20
1437171220, 0, 272, 303, 209, 8, 2.99%, 0, 0, 3, 226.99
1437171702, 0, 282, 303, 208, 7, 2.99%, 0, 0, 3, 226.37
1437171926, 0, 287, 303, 207, 6, 2.99%, 0, 0, 3, 226.25
1437172135, 0, 289, 303, 206, 5, 2.99%, 0, 0, 3, 227.30
1437172231, 0, 290, 303, 205, 4, 2.99%, 0, 0, 3, 225.74
1437172495, 0, 291, 303, 204, 3, 2.99%, 0, 0, 3, 226.89
1437172582, 0, 292, 303, 203, 2, 2.99%, 0, 0, 3, 222.79
1437172859, 0, 299, 303, 202, 1, 2.99%, 0, 0, 3, 225.56
1437172991, 1, 3, 303, 201, 0, 2.99%, 0, 0, 3, 227.30
1437173011, 1, 11, 303, 201, 0, 2.99%, 0, 0, 3, 227.50
1437173036, 1, 12, 303, 200, 0, 2.99%, 0, 0, 3, 227.43
1437173057, 1, 13, 303, 200, 0, 2.99%, 0, 0, 3, 226.97
1437173082, 1, 14, 304, 201, 0, 2.99%, 0, 0, 3, 225.92
1437173087, 1, 14, 305, 202, 0, 2.99%, 0, 0, 3, 226.92
1437173168, 1, 15, 306, 203, 0, 2.99%, 0, 0, 3, 225.44
1437173214, 1, 17, 306, 202, 0, 2.99%, 0, 0, 3, 222.95
1437173235, 1, 21, 306, 202, 0, 2.99%, 0, 0, 3, 222.48
1437173261, 1, 22, 307, 203, 0, 2.99%, 0, 0, 3, 222.74
1437173302, 1, 30, 307, 202, 0, 2.99%, 0, 0, 3, 222.54
1437173323, 1, 31, 307, 201, 0, 2.99%, 0, 0, 3, 221.01
1437173343, 1, 32, 307, 200, 0, 2.99%, 0, 0, 3, 222.80
1437173364, 1, 36, 307, 200, 0, 2.99%, 0, 0, 3, 220.59
1437173369, 1, 36, 308, 201, 0, 2.99%, 0, 0, 3, 221.33
1437173389, 1, 36, 309, 202, 0, 2.99%, 0, 0, 3, 226.33
1437173455, 1, 38, 309, 201, 0, 2.99%, 0, 0, 3, 225.99
1437173460, 1, 38, 310, 202, 0, 2.99%, 0, 0, 3, 226.67
1437173501, 1, 39, 310, 202, 0, 2.99%, 0, 0, 3, 226.92
1437173521, 1, 43, 310, 201, 0, 2.99%, 0, 0, 3, 226.54
1437173526, 1, 43, 312, 203, 0, 2.99%, 0, 0, 3, 226.49
1437173577, 1, 43, 313, 204, 0, 2.99%, 0, 0, 3, 226.47
1437173602, 1, 43, 314, 205, 0, 2.99%, 0, 0, 3, 226.63
1437173623, 1, 43, 315, 206, 0, 2.99%, 0, 0, 3, 226.68
1437174151, 1, 43, 316, 207, 0, 2.99%, 0, 0, 3, 226.24
1437174227, 1, 53, 316, 207, 2, 2.99%, 0, 0, 3, 226.35
1437174232, 1, 53, 317, 208, 2, 2.99%, 0, 0, 3, 226.10
1437174242, 1, 53, 318, 209, 2, 2.99%, 0, 0, 3, 226.16
1437174319, 1, 126, 318, 208, 2, 2.99%, 0, 0, 3, 226.23
1437174400, 1, 168, 318, 207, 1, 2.99%, 0, 0, 3, 222.77
1437174575, 1, 249, 318, 206, 1, 2.99%, 0, 0, 3, 223.02
1437174631, 1, 312, 318, 205, 1, 2.99%, 0, 0, 3, 226.99
1437174748, 1, 312, 320, 207, 1, 2.99%, 0, 0, 3, 227.48
1437174768, 1, 312, 321, 208, 1, 2.99%, 0, 0, 3, 225.13
1437174808, 1, 312, 322, 209, 1, 2.99%, 0, 0, 3, 227.07
1437174940, 1, 312, 323, 210, 1, 2.99%, 0, 0, 3, 227.06
1437174971, 1, 312, 324, 211, 1, 2.99%, 0, 0, 3, 226.61
1437175164, 1, 312, 325, 212, 1, 2.99%, 0, 0, 3, 226.98
1437175447, 1, 313, 325, 211, 0, 2.99%, 0, 0, 3, 226.80
1437175584, 1, 313, 326, 212, 0, 2.99%, 0, 0, 3, 226.85
1437175665, 1, 315, 326, 211, 0, 2.99%, 0, 0, 3, 226.78
1437175919, 1, 320, 326, 210, 0, 2.99%, 0, 0, 3, 227.33
1437176137, 2, 0, 326, 209, 0, 2.99%, 0, 0, 3, 227.02
1437176208, 2, 1, 326, 208, 0, 2.99%, 0, 0, 3, 227.26
1437176233, 2, 3, 326, 207, 0, 2.99%, 0, 0, 3, 227.07
1437176254, 2, 10, 326, 207, 0, 2.99%, 0, 0, 3, 227.30
1437176274, 2, 12, 328, 208, 0, 2.99%, 0, 0, 3, 227.35
1437176325, 2, 12, 329, 209, 0, 2.99%, 0, 0, 3, 227.09
1437176451, 2, 18, 329, 209, 1, 2.99%, 0, 0, 3, 227.12
1437176456, 2, 18, 330, 210, 1, 2.99%, 0, 0, 3, 226.83
1437176497, 2, 26, 331, 210, 1, 2.99%, 0, 0, 3, 227.19
1437176502, 2, 26, 332, 211, 1, 2.99%, 0, 0, 3, 227.13
1437176553, 2, 26, 333, 212, 1, 2.99%, 0, 0, 3, 227.11
1437176563, 2, 26, 334, 213, 1, 2.99%, 0, 0, 3, 227.01
1437176583, 2, 26, 335, 214, 1, 2.99%, 0, 0, 3, 226.94
1437176609, 2, 26, 336, 215, 1, 2.99%, 0, 0, 3, 226.67
1437176654, 2, 26, 337, 216, 1, 2.99%, 0, 0, 3, 226.69
1437176664, 2, 26, 338, 217, 1, 2.99%, 0, 0, 3, 226.83
1437176725, 2, 26, 339, 218, 1, 2.99%, 0, 0, 3, 226.65
1437176858, 2, 26, 339, 218, 1, 2.99%, 0, 1, 3, 221.49
1437176868, 2, 26, 340, 219, 1, 2.99%, 0, 1, 3, 226.71
1437176965, 2, 26, 341, 220, 1, 2.99%, 0, 1, 3, 226.53
1437177041, 2, 26, 342, 221, 1, 2.99%, 0, 1, 3, 227.00
1437177097, 2, 26, 342, 221, 1, 2.99%, 0, 3, 3, 34.56
1437177122, 2, 26, 343, 222, 1, 2.99%, 0, 3, 3, 226.99
1437177209, 2, 292, 344, 222, 1, 2.99%, 0, 3, 4, 226.47
1437177229, 2, 292, 345, 223, 1, 2.99%, 0, 3, 4, 226.20
1437177254, 2, 292, 346, 224, 1, 2.99%, 0, 3, 4, 226.82
1437177381, 2, 328, 346, 224, 1, 2.99%, 0, 3, 4, 226.48
1437177615, 2, 328, 347, 225, 1, 2.99%, 0, 3, 4, 226.18
1437177630, 2, 328, 348, 226, 1, 2.99%, 0, 3, 4, 226.74
1437177671, 2, 328, 349, 227, 1, 2.99%, 0, 3, 4, 226.64
1437177691, 2, 328, 350, 228, 1, 2.99%, 0, 3, 4, 227.14
1437177696, 2, 328, 351, 229, 1, 2.99%, 0, 3, 4, 227.10
1437177721, 2, 328, 352, 230, 1, 2.99%, 0, 3, 4, 225.96
1437177757, 2, 328, 353, 231, 1, 2.99%, 0, 3, 4, 227.09
1437177823, 2, 328, 354, 232, 1, 2.99%, 0, 3, 4, 227.34
1437177838, 2, 328, 355, 233, 1, 2.99%, 0, 3, 4, 227.34
1437178269, 2, 328, 356, 234, 1, 2.99%, 0, 3, 4, 226.82
1437178304, 2, 333, 356, 233, 0, 2.99%, 0, 3, 4, 226.54
1437178873, 2, 333, 357, 234, 0, 2.99%, 0, 3, 4, 226.17
1437178904, 2, 333, 358, 235, 0, 2.99%, 0, 3, 4, 226.52
1437178965, 2, 333, 359, 236, 0, 2.99%, 0, 3, 4, 224.96
1437178990, 2, 333, 360, 237, 0, 2.99%, 0, 3, 4, 225.46
1437179087, 2, 333, 361, 238, 0, 2.99%, 0, 3, 4, 226.02
1437179300, 2, 333, 362, 239, 0, 2.99%, 0, 3, 4, 224.74
1437179427, 2, 333, 363, 240, 0, 2.99%, 0, 3, 4, 224.97
1437179524, 2, 333, 364, 241, 0, 2.99%, 0, 3, 4, 225.59
1437179585, 2, 335, 364, 240, 0, 2.99%, 0, 3, 4, 225.66
1437179849, 2, 335, 365, 241, 0, 2.99%, 0, 3, 4, 225.78
1437179920, 2, 343, 365, 240, 0, 2.99%, 0, 3, 4, 221.08
1437180430, 2, 343, 366, 241, 0, 2.99%, 0, 3, 5, 226.16
1437180577, 2, 344, 366, 240, 0, 2.99%, 0, 3, 5, 224.35
1437180939, 2, 350, 366, 239, 0, 2.99%, 0, 3, 5, 224.40
1437181198, 2, 362, 366, 238, 0, 2.99%, 0, 3, 5, 224.57
1437183773, 2, 362, 368, 240, 0, 2.99%, 0, 3, 5, 220.09
1437183778, 2, 362, 369, 241, 0, 2.99%, 0, 3, 5, 218.66
1437183788, 2, 362, 370, 242, 0, 2.99%, 0, 3, 5, 219.18
1437183799, 2, 362, 371, 243, 0, 2.99%, 0, 3, 5, 219.39
1437183814, 2, 362, 374, 246, 0, 2.99%, 0, 3, 5, 218.60
1437184129, 2, 362, 375, 247, 0, 2.99%, 0, 3, 5, 221.80
1437184175, 2, 362, 376, 248, 0, 2.99%, 0, 3, 5, 219.14
1437184247, 2, 362, 377, 249, 0, 2.99%, 0, 3, 5, 223.28
1437184435, 2, 362, 378, 250, 0, 2.99%, 0, 3, 5, 202.94
1437184497, 2, 366, 378, 249, 0, 2.99%, 0, 3, 5, 211.97
1437187931, 2, 366, 379, 250, 0, 2.99%, 0, 3, 5, 223.97
1437187972, 2, 366, 380, 251, 0, 2.99%, 0, 3, 5, 223.70
1437188050, 2, 366, 381, 252, 0, 2.99%, 0, 3, 5, 223.56
1437188055, 2, 366, 382, 253, 0, 2.99%, 0, 3, 5, 223.34
1437188188, 2, 366, 383, 254, 0, 2.99%, 0, 3, 5, 224.06
1437188317, 2, 366, 384, 255, 0, 2.99%, 0, 3, 5, 223.18
1437188605, 2, 367, 384, 254, 0, 2.99%, 0, 3, 5, 223.14
1437192282, 2, 367, 385, 255, 0, 2.99%, 0, 3, 5, 216.03
1437192329, 2, 367, 386, 256, 0, 2.99%, 0, 3, 5, 217.38
1437192349, 2, 367, 387, 257, 0, 2.99%, 0, 3, 5, 216.06
1437192457, 2, 367, 388, 258, 0, 2.99%, 0, 3, 5, 223.16
1437192765, 2, 367, 389, 259, 0, 2.99%, 0, 3, 5, 223.71
1437192918, 2, 372, 389, 258, 0, 2.99%, 0, 3, 5, 217.69
1437197622, 2, 372, 390, 259, 0, 2.99%, 0, 3, 5, 222.99
1437197704, 2, 372, 391, 260, 0, 2.99%, 0, 3, 5, 222.03
1437197890, 2, 377, 391, 259, 0, 2.99%, 0, 3, 5, 222.94
1437199559, 2, 377, 392, 260, 0, 2.99%, 0, 3, 5, 225.56
1437199631, 2, 377, 393, 261, 0, 2.99%, 0, 3, 5, 225.24
1437199911, 2, 382, 393, 260, 0, 2.99%, 0, 3, 5, 223.57
