# unix_time, cycles_done, cur_path, paths_total, pending_total, pending_favs, map_size, unique_crashes, unique_hangs, max_depth, execs_per_sec
1437722225, 0, 1021, 3967, 3967, 1307, 54.41%, 0, 0, 3, 292.25
1437722231, 0, 1022, 3967, 3967, 1307, 54.41%, 0, 0, 3, 239.90
1437722236, 0, 1022, 3968, 3968, 1307, 54.41%, 0, 0, 4, 216.21
1437722261, 0, 1022, 3969, 3969, 1307, 54.42%, 0, 0, 4, 226.85
1437722276, 0, 1022, 3969, 3969, 1307, 54.42%, 0, 1, 4, 241.46
1437722297, 0, 1030, 3969, 3968, 1307, 54.42%, 0, 1, 4, 170.96
1437722302, 0, 1030, 3970, 3969, 1307, 54.42%, 0, 1, 4, 146.33
1437722307, 0, 1030, 3971, 3970, 1307, 54.42%, 0, 1, 4, 145.97
1437722322, 0, 1030, 3972, 3971, 1307, 54.42%, 0, 1, 4, 203.64
1437722347, 0, 1031, 3972, 3970, 1307, 54.42%, 0, 1, 4, 166.31
1437722368, 0, 1032, 3972, 3969, 1306, 54.42%, 0, 1, 4, 209.33
1437722373, 0, 1032, 3973, 3970, 1306, 54.42%, 0, 1, 4, 148.58
1437722388, 0, 1032, 3974, 3971, 1306, 54.42%, 0, 1, 4, 143.78
1437722394, 0, 1032, 3975, 3972, 1306, 54.42%, 0, 1, 4, 175.13
1437722399, 0, 1032, 3977, 3974, 1306, 54.42%, 0, 1, 4, 210.88
1437722409, 0, 1032, 3979, 3976, 1306, 54.42%, 0, 1, 4, 215.98
1437722424, 0, 1032, 3980, 3977, 1306, 54.42%, 0, 1, 4, 228.54
1437722439, 0, 1032, 3982, 3979, 1306, 54.42%, 0, 1, 4, 230.73
1437722449, 0, 1032, 3983, 3980, 1306, 54.42%, 0, 1, 4, 231.27
1437722470, 0, 1032, 3985, 3982, 1306, 54.42%, 0, 1, 4, 197.21
1437722480, 0, 1032, 3986, 3983, 1306, 54.42%, 0, 1, 4, 201.71
1437722505, 0, 1032, 3987, 3984, 1306, 54.42%, 0, 1, 4, 201.07
1437722515, 0, 1032, 3988, 3985, 1306, 54.43%, 0, 1, 4, 215.27
1437722530, 0, 1032, 3990, 3987, 1306, 54.43%, 0, 1, 4, 198.06
1437722540, 0, 1032, 3991, 3988, 1306, 54.43%, 0, 1, 4, 200.65
1437722550, 0, 1032, 3992, 3989, 1306, 54.43%, 0, 1, 4, 217.18
1437722602, 0, 1032, 3993, 3990, 1306, 54.43%, 0, 1, 4, 216.73
1437722632, 0, 1032, 3994, 3991, 1306, 54.43%, 0, 1, 4, 209.35
1437722647, 0, 1032, 3994, 3991, 1306, 54.43%, 0, 2, 4, 196.06
1437722652, 0, 1032, 3994, 3991, 1306, 54.43%, 0, 3, 4, 203.84
1437722658, 0, 1032, 3994, 3991, 1306, 54.43%, 0, 4, 4, 204.83
1437722668, 0, 1032, 3994, 3991, 1306, 54.43%, 0, 5, 4, 206.72
1437722683, 0, 1032, 3994, 3991, 1306, 54.43%, 0, 6, 4, 213.22
1437722688, 0, 1032, 3995, 3992, 1306, 54.43%, 0, 6, 4, 223.38
1437722699, 0, 1032, 3995, 3992, 1306, 54.43%, 0, 7, 4, 230.42
1437722780, 0, 1032, 3997, 3994, 1306, 54.43%, 0, 7, 4, 216.24
1437722785, 0, 1032, 3998, 3995, 1306, 54.43%, 0, 7, 4, 212.78
1437722805, 0, 1032, 3999, 3996, 1306, 54.43%, 0, 7, 4, 220.27
1437722830, 0, 1032, 4000, 3997, 1306, 54.43%, 0, 7, 4, 215.54
