# unix_time, cycles_done, cur_path, paths_total, pending_total, pending_favs, map_size, unique_crashes, unique_hangs, max_depth, execs_per_sec, execs_so_far
1439497919, 0, 1115, 3000, 3000, 1118, 58.93%, 0, 0, 4, 248.41, 83346
1439497924, 0, 1115, 3029, 3029, 1118, 60.38%, 0, 1, 4, 279.71, 84790
1439497929, 0, 1115, 3055, 3055, 1118, 61.64%, 0, 3, 4, 293.36, 86328
1439497934, 0, 1115, 3084, 3084, 1118, 62.66%, 0, 3, 4, 302.42, 87907
1439497940, 0, 1115, 3114, 3114, 1118, 63.46%, 0, 3, 4, 305.57, 89496
1439497945, 0, 1115, 3138, 3138, 1118, 64.09%, 0, 3, 4, 298.33, 90991
1439497950, 0, 1115, 3166, 3166, 1118, 64.85%, 0, 3, 4, 290.29, 92460
1439497955, 0, 1115, 3191, 3191, 1118, 65.77%, 2, 3, 4, 294.66, 93934
1439497960, 0, 1115, 3215, 3215, 1118, 66.40%, 2, 3, 4, 294.39, 95451
1439497965, 0, 1115, 3240, 3240, 1118, 67.12%, 2, 3, 4, 306.04, 96994
1439497970, 0, 1115, 3264, 3264, 1118, 67.92%, 2, 3, 4, 307.59, 98582
1439497975, 0, 1115, 3287, 3287, 1118, 68.54%, 2, 4, 4, 298.53, 100088
1439497980, 0, 1115, 3313, 3313, 1118, 69.13%, 2, 4, 4, 288.10, 101549
1439497985, 0, 1115, 3335, 3335, 1118, 69.94%, 2, 4, 4, 294.43, 103061
1439497990, 0, 1115, 3359, 3359, 1118, 70.36%, 2, 4, 4, 307.42, 104660
1439497996, 0, 1115, 3379, 3379, 1118, 70.70%, 2, 4, 4, 312.42, 106258
1439498001, 0, 1115, 3400, 3400, 1118, 71.18%, 2, 4, 4, 313.94, 107820
1439498006, 0, 1115, 3421, 3421, 1118, 71.66%, 2, 4, 4, 307.48, 109372
1439498011, 0, 1115, 3447, 3447, 1118, 72.90%, 2, 4, 4, 316.34, 111020
1439498016, 0, 1115, 3466, 3466, 1118, 73.76%, 2, 4, 4, 316.66, 112605
1439498021, 0, 1115, 3489, 3489, 1118, 74.22%, 2, 4, 4, 314.98, 114180
1439498026, 0, 1115, 3506, 3506, 1118, 74.58%, 2, 5, 4, 296.00, 115693
1439498031, 0, 1115, 3522, 3522, 1118, 74.76%, 2, 5, 4, 305.31, 117252
1439498036, 0, 1115, 3541, 3541, 1118, 75.39%, 2, 5, 4, 307.04, 118837
1439498041, 0, 1115, 3562, 3562, 1118, 75.70%, 2, 5, 4, 303.10, 120436
1439498046, 0, 1115, 3580, 3580, 1118, 76.21%, 2, 6, 4, 306.89, 121968
1439498052, 0, 1115, 3599, 3599, 1118, 76.39%, 2, 6, 4, 293.01, 123424
1439498057, 0, 1115, 3618, 3618, 1118, 76.71%, 3, 7, 4, 303.07, 125009
1439498062, 0, 1115, 3635, 3635, 1118, 76.91%, 3, 9, 4, 297.08, 126549
1439498067, 0, 1115, 3654, 3654, 1118, 77.08%, 4, 9, 4, 311.43, 128136
1439498072, 0, 1115, 3673, 3673, 1118, 77.30%, 4, 10, 4, 307.66, 129730
1439498077, 0, 1115, 3692, 3692, 1118, 77.69%, 4, 10, 4, 298.35, 131244
1439498082, 0, 1115, 3710, 3710, 1118, 77.93%, 4, 10, 4, 304.08, 132807
1439498088, 0, 1115, 3729, 3729, 1118, 78.24%, 4, 10, 4, 303.91, 134381
1439498093, 0, 1115, 3750, 3750, 1118, 79.00%, 4, 11, 4, 308.93, 135984
1439498098, 0, 1115, 3768, 3768, 1118, 79.14%, 4, 12, 4, 305.56, 137527
1439498103, 0, 1115, 3786, 3786, 1118, 79.33%, 4, 12, 4, 293.45, 139007
1439498108, 0, 1115, 3801, 3801, 1118, 79.52%, 4, 13, 4, 308.45, 140569
1439498113, 0, 1115, 3811, 3811, 1118, 79.64%, 4, 13, 4, 297.68, 142044
1439498118, 0, 1115, 3833, 3833, 1118, 80.11%, 4, 13, 4, 304.32, 143618
1439498123, 0, 1115, 3847, 3847, 1118, 80.50%, 4, 14, 4, 302.05, 145168
1439498128, 0, 1115, 3861, 3861, 1118, 80.61%, 4, 14, 4, 290.09, 146557
1439498133, 0, 1115, 3879, 3879, 1118, 80.75%, 4, 15, 4, 291.30, 148089
1439498139, 0, 1115, 3894, 3894, 1118, 80.85%, 4, 16, 4, 287.88, 149546
1439498144, 0, 1115, 3909, 3909, 1118, 80.92%, 4, 16, 4, 295.25, 151059
1439498149, 0, 1115, 3921, 3921, 1118, 81.02%, 4, 17, 4, 302.92, 152574
1439498154, 0, 1115, 3937, 3937, 1118, 81.39%, 4, 18, 4, 293.65, 154125
1439498159, 0, 1115, 3954, 3954, 1118, 81.64%, 4, 18, 4, 292.82, 155639
1439498164, 0, 1115, 3968, 3968, 1118, 81.71%, 4, 18, 4, 295.34, 157129
1439498169, 0, 1115, 3986, 3986, 1118, 81.88%, 4, 18, 4, 296.42, 158679
1439498174, 0, 1115, 4004, 4004, 1118, 82.08%, 4, 18, 4, 302.04, 160210
1439498179, 0, 1115, 4022, 4022, 1118, 82.39%, 4, 18, 4, 305.56, 161757
1439498184, 0, 1115, 4037, 4037, 1118, 82.85%, 4, 19, 4, 301.88, 163322
1439498189, 0, 1115, 4048, 4048, 1118, 83.02%, 4, 20, 4, 301.97, 164836
1439498195, 0, 1115, 4061, 4061, 1118, 83.26%, 4, 21, 4, 302.56, 166370
1439498200, 0, 1115, 4078, 4078, 1118, 83.50%, 4, 21, 4, 304.50, 167908
1439498205, 0, 1115, 4093, 4093, 1118, 83.85%, 4, 21, 4, 296.81, 169384
1439498210, 0, 1115, 4103, 4103, 1118, 83.89%, 4, 21, 4, 291.89, 170842
1439498215, 0, 1115, 4115, 4115, 1118, 83.96%, 4, 22, 4, 300.43, 172424
1439498220, 0, 1115, 4127, 4127, 1118, 84.06%, 4, 24, 4, 292.87, 173952
1439498225, 0, 1115, 4142, 4142, 1118, 84.16%, 4, 27, 4, 302.18, 175520
1439498230, 0, 1115, 4156, 4156, 1118, 84.34%, 5, 27, 4, 309.20, 177088
1439498235, 0, 1115, 4165, 4165, 1118, 84.41%, 5, 27, 4, 300.40, 178588
1439498240, 0, 1115, 4175, 4175, 1118, 84.50%, 5, 28, 4, 303.24, 180122
1439498245, 0, 1115, 4189, 4189, 1118, 84.73%, 5, 28, 4, 299.26, 181636
1439498250, 0, 1115, 4201, 4201, 1118, 84.86%, 5, 28, 4, 310.05, 183257
1439498255, 0, 1115, 4220, 4220, 1118, 84.99%, 5, 30, 4, 300.59, 184754
1439498261, 0, 1115, 4233, 4233, 1118, 85.07%, 5, 31, 4, 308.86, 186367
1439498266, 0, 1115, 4244, 4244, 1118, 85.13%, 6, 33, 4, 306.97, 187916
1439498271, 0, 1115, 4254, 4254, 1118, 85.19%, 6, 35, 4, 305.68, 189460
1439498276, 0, 1115, 4265, 4265, 1118, 85.29%, 6, 35, 4, 306.75, 191006
1439498281, 0, 1115, 4280, 4280, 1118, 85.64%, 6, 35, 4, 310.86, 192560
1439498286, 0, 1115, 4293, 4293, 1118, 85.77%, 6, 35, 4, 303.19, 194124
1439498291, 0, 1115, 4306, 4306, 1118, 86.02%, 6, 35, 4, 303.68, 195658
1439498296, 0, 1115, 4316, 4316, 1118, 86.19%, 7, 35, 4, 302.95, 197173
1439498301, 0, 1115, 4326, 4326, 1118, 86.36%, 7, 37, 4, 304.32, 198696
1439498306, 0, 1115, 4338, 4338, 1118, 86.41%, 7, 37, 4, 302.96, 200220
1439498311, 0, 1115, 4351, 4351, 1118, 86.49%, 7, 37, 4, 305.87, 201796
1439498317, 0, 1115, 4360, 4360, 1118, 86.55%, 7, 40, 4, 293.24, 203314
1439498322, 0, 1115, 4370, 4370, 1118, 86.64%, 7, 49, 4, 246.20, 204577
1439498327, 0, 1115, 4379, 4379, 1118, 86.71%, 7, 52, 4, 247.56, 205862
1439498332, 0, 1115, 4392, 4392, 1118, 86.77%, 7, 56, 4, 247.45, 207123
1439498337, 0, 1115, 4402, 4402, 1118, 86.82%, 7, 59, 4, 245.14, 208322
1439498342, 0, 1115, 4411, 4411, 1118, 86.85%, 7, 59, 4, 262.63, 209699
1439498347, 0, 1115, 4422, 4422, 1118, 87.01%, 7, 59, 4, 242.07, 210922
1439498352, 0, 1115, 4430, 4430, 1118, 87.06%, 7, 59, 4, 254.02, 212202
1439498357, 0, 1115, 4439, 4439, 1118, 87.10%, 7, 59, 4, 275.97, 213587
1439498362, 0, 1115, 4451, 4451, 1118, 87.28%, 7, 59, 4, 292.76, 215087
1439498367, 0, 1115, 4456, 4456, 1118, 87.30%, 7, 62, 4, 280.80, 216458
1439498373, 0, 1115, 4469, 4469, 1118, 87.37%, 7, 63, 4, 293.06, 217992
1439498378, 0, 1115, 4479, 4479, 1118, 87.51%, 7, 63, 4, 268.15, 219322
1439498383, 0, 1115, 4486, 4486, 1118, 87.59%, 7, 63, 4, 264.60, 220672
1439498388, 0, 1115, 4493, 4493, 1118, 87.62%, 7, 63, 4, 270.78, 222037
1439498393, 0, 1115, 4500, 4500, 1118, 87.65%, 7, 63, 4, 267.12, 223382
1439498398, 0, 1115, 4507, 4507, 1118, 87.68%, 7, 63, 4, 260.44, 224667
1439498403, 0, 1115, 4517, 4517, 1118, 87.86%, 7, 63, 4, 258.07, 225957
1439498408, 0, 1115, 4525, 4525, 1118, 87.90%, 7, 63, 4, 258.72, 227266
1439498413, 0, 1115, 4534, 4534, 1118, 88.13%, 7, 64, 4, 247.77, 228556
1439498418, 0, 1115, 4543, 4543, 1118, 88.29%, 7, 64, 4, 254.04, 229870
1439498423, 0, 1115, 4553, 4553, 1118, 88.38%, 7, 64, 4, 260.31, 231197
1439498428, 0, 1115, 4560, 4560, 1118, 88.41%, 7, 64, 4, 273.68, 232556
1439498433, 0, 1115, 4569, 4569, 1118, 88.50%, 7, 66, 4, 284.84, 234009
1439498438, 0, 1115, 4576, 4576, 1118, 88.55%, 7, 66, 4, 290.54, 235506
1439498443, 0, 1115, 4584, 4584, 1118, 88.58%, 7, 66, 4, 300.59, 237025
1439498448, 0, 1115, 4592, 4592, 1118, 88.64%, 7, 66, 4, 304.34, 238545
1439498454, 0, 1115, 4602, 4602, 1118, 88.73%, 7, 67, 4, 283.36, 239996
1439498459, 0, 1115, 4608, 4608, 1118, 88.76%, 7, 67, 4, 252.16, 241230
1439498464, 0, 1115, 4614, 4614, 1118, 88.80%, 7, 69, 4, 239.21, 242397
1439498469, 0, 1115, 4623, 4623, 1118, 88.91%, 7, 69, 4, 244.82, 243658
1439498474, 0, 1115, 4630, 4630, 1118, 88.92%, 7, 72, 4, 231.37, 244794
1439498479, 0, 1115, 4637, 4637, 1118, 88.95%, 7, 72, 4, 248.15, 246078
1439498484, 0, 1115, 4642, 4642, 1118, 88.96%, 7, 72, 4, 237.53, 247250
1439498489, 0, 1115, 4649, 4649, 1118, 89.02%, 7, 72, 4, 243.25, 248489
1439498494, 0, 1115, 4657, 4657, 1118, 89.08%, 7, 72, 4, 245.32, 249713
1439498499, 0, 1115, 4666, 4666, 1118, 89.14%, 7, 73, 4, 248.33, 250969
1439498505, 0, 1115, 4677, 4677, 1118, 89.29%, 7, 75, 4, 242.69, 252230
1439498510, 0, 1115, 4683, 4683, 1118, 89.34%, 7, 76, 4, 253.72, 253565
1439498515, 0, 1115, 4693, 4693, 1118, 89.41%, 7, 77, 4, 236.29, 254773
1439498520, 0, 1115, 4702, 4702, 1118, 89.44%, 7, 77, 4, 254.16, 256075
1439498525, 0, 1115, 4707, 4707, 1118, 89.47%, 7, 77, 4, 246.52, 257353
1439498530, 0, 1115, 4718, 4718, 1118, 89.54%, 7, 77, 4, 259.65, 258710
1439498535, 0, 1115, 4727, 4727, 1118, 89.65%, 7, 77, 4, 262.76, 260035
1439498540, 0, 1115, 4737, 4737, 1118, 89.69%, 7, 79, 4, 283.58, 261460
1439498545, 0, 1115, 4746, 4746, 1118, 89.72%, 8, 79, 4, 289.43, 262922
1439498551, 0, 1115, 4759, 4759, 1118, 89.80%, 8, 79, 4, 289.05, 264435
1439498556, 0, 1115, 4772, 4772, 1118, 89.84%, 8, 80, 4, 284.31, 265855
1439498561, 0, 1115, 4782, 4782, 1118, 89.99%, 8, 80, 4, 293.09, 267330
1439498566, 0, 1115, 4785, 4785, 1118, 90.01%, 8, 80, 4, 289.30, 268779
1439498571, 0, 1115, 4794, 4794, 1118, 90.06%, 8, 80, 4, 290.94, 270235
1439498576, 0, 1115, 4801, 4801, 1118, 90.20%, 8, 80, 4, 289.22, 271735
1439498581, 0, 1115, 4810, 4810, 1118, 90.27%, 9, 80, 4, 289.48, 273185
1439498586, 0, 1115, 4823, 4823, 1118, 90.40%, 9, 80, 4, 293.87, 274705
1439498591, 0, 1115, 4832, 4832, 1118, 90.43%, 9, 80, 4, 295.41, 276185
1439498596, 0, 1115, 4839, 4839, 1118, 90.45%, 9, 82, 4, 292.67, 277665
1439498601, 0, 1115, 4846, 4846, 1118, 90.73%, 9, 82, 4, 294.30, 279180
1439498606, 0, 1115, 4853, 4853, 1118, 90.76%, 9, 82, 4, 286.69, 280674
1439498611, 0, 1115, 4859, 4859, 1118, 90.80%, 9, 85, 4, 288.11, 282115
1439498616, 0, 1115, 4871, 4871, 1118, 90.84%, 9, 85, 4, 296.06, 283600
1439498622, 0, 1115, 4880, 4880, 1118, 90.91%, 9, 85, 4, 292.70, 285115
1439498627, 0, 1115, 4892, 4892, 1118, 90.94%, 9, 85, 4, 291.83, 286639
1439498632, 0, 1115, 4897, 4897, 1118, 90.98%, 9, 85, 4, 288.17, 288130
1439498637, 0, 1115, 4903, 4903, 1118, 91.06%, 9, 86, 4, 256.64, 289406
1439498642, 0, 1115, 4911, 4911, 1118, 91.16%, 10, 86, 4, 250.98, 290680
1439498647, 0, 1115, 4920, 4920, 1118, 91.25%, 10, 86, 4, 248.06, 291995
1439498652, 0, 1115, 4927, 4927, 1118, 91.30%, 10, 86, 4, 260.21, 293325
1439498657, 0, 1115, 4936, 4936, 1118, 91.33%, 10, 87, 4, 250.68, 294579
1439498662, 0, 1115, 4943, 4943, 1118, 91.35%, 10, 87, 4, 248.16, 295843
1439498668, 0, 1115, 4950, 4950, 1118, 91.38%, 10, 87, 4, 252.55, 297147
1439498673, 0, 1115, 4959, 4959, 1118, 91.41%, 10, 87, 4, 252.46, 298394
1439498678, 0, 1115, 4964, 4964, 1118, 91.42%, 10, 87, 4, 251.45, 299645
1439498683, 0, 1115, 4971, 4971, 1118, 91.44%, 10, 87, 4, 248.85, 300899
1439498688, 0, 1115, 4976, 4976, 1118, 91.46%, 10, 87, 4, 258.27, 302210
1439498693, 0, 1115, 4980, 4980, 1118, 91.47%, 10, 88, 4, 256.47, 303525
1439498698, 0, 1115, 4986, 4986, 1118, 91.48%, 10, 89, 4, 233.57, 304682
1439498703, 0, 1115, 4994, 4994, 1118, 91.55%, 10, 90, 4, 233.72, 305931
1439498708, 0, 1115, 4999, 4999, 1118, 91.56%, 10, 90, 4, 226.78, 307069
1439498713, 0, 1115, 5006, 5006, 1118, 91.61%, 10, 90, 4, 223.19, 308199
1439498718, 0, 1115, 5014, 5014, 1118, 91.71%, 10, 91, 4, 257.66, 309545
1439498723, 0, 1115, 5018, 5018, 1118, 91.72%, 10, 91, 4, 252.10, 310840
1439498728, 0, 1115, 5022, 5022, 1118, 91.73%, 10, 91, 4, 245.19, 312043
1439498734, 0, 1115, 5026, 5026, 1118, 91.75%, 10, 91, 4, 252.84, 313375
1439498739, 0, 1115, 5029, 5029, 1118, 91.76%, 10, 91, 4, 249.47, 314619
1439498744, 0, 1115, 5033, 5033, 1118, 91.78%, 10, 91, 4, 233.60, 315807
1439498749, 0, 1115, 5041, 5041, 1118, 91.84%, 10, 92, 4, 254.67, 317113
1439498754, 0, 1115, 5046, 5046, 1118, 91.85%, 10, 93, 4, 268.16, 318465
1439498759, 0, 1115, 5053, 5053, 1118, 91.88%, 10, 93, 4, 271.46, 319865
1439498764, 0, 1115, 5061, 5061, 1118, 91.90%, 10, 93, 4, 293.27, 321340
1439498769, 0, 1115, 5070, 5070, 1118, 91.93%, 10, 93, 4, 298.77, 322893
1439498774, 0, 1115, 5074, 5074, 1118, 91.93%, 10, 94, 4, 291.43, 324340
1439498779, 0, 1115, 5079, 5079, 1118, 91.94%, 10, 96, 4, 277.77, 325740
1439498784, 0, 1119, 5082, 5081, 2011, 91.95%, 10, 97, 4, 226.16, 326832
1439498789, 0, 1119, 5082, 5081, 2011, 91.95%, 10, 98, 4, 232.20, 327957
1439498795, 0, 1119, 5084, 5083, 2011, 91.95%, 10, 98, 4, 236.21, 329209
1439498800, 0, 1119, 5085, 5084, 2011, 91.95%, 10, 98, 4, 238.82, 330411
1439498805, 0, 1119, 5086, 5085, 2011, 91.95%, 11, 99, 4, 230.50, 331576
1439498820, 0, 1119, 5088, 5087, 2011, 91.95%, 11, 100, 4, 267.77, 335449
1439498825, 0, 1119, 5090, 5089, 2011, 91.95%, 11, 100, 4, 267.37, 336814
1439498830, 0, 1119, 5091, 5090, 2011, 91.95%, 11, 101, 4, 288.26, 338284
1439498835, 0, 1119, 5092, 5091, 2011, 91.95%, 11, 102, 4, 293.83, 339799
1439498840, 0, 1119, 5092, 5091, 2011, 91.95%, 11, 103, 4, 296.64, 341339
1439498845, 0, 1119, 5092, 5091, 2011, 91.95%, 11, 105, 4, 299.22, 342839
1439498850, 0, 1119, 5093, 5092, 2011, 91.95%, 11, 105, 4, 301.91, 344360
1439498855, 0, 1119, 5093, 5092, 2011, 91.95%, 11, 106, 4, 300.81, 345884
1439498861, 0, 1119, 5093, 5092, 2011, 91.95%, 12, 109, 4, 293.78, 347364
1439498871, 0, 1119, 5093, 5092, 2011, 91.95%, 12, 110, 4, 299.31, 350404
1439498876, 0, 1119, 5094, 5093, 2011, 91.95%, 12, 110, 4, 299.19, 351904
1439498896, 0, 1119, 5096, 5095, 2011, 91.95%, 12, 110, 4, 291.93, 357859
1439498901, 0, 1119, 5098, 5097, 2011, 91.95%, 12, 111, 4, 291.67, 359329
1439498906, 0, 1119, 5099, 5098, 2011, 91.95%, 12, 111, 4, 296.10, 360824
1439498916, 0, 1119, 5101, 5100, 2011, 91.95%, 12, 111, 4, 238.10, 363408
1439498921, 0, 1119, 5102, 5101, 2011, 91.95%, 12, 111, 4, 234.23, 364630
1439498926, 0, 1119, 5104, 5103, 2011, 91.95%, 12, 111, 4, 233.26, 365774
1439498936, 0, 1119, 5104, 5103, 2011, 91.95%, 12, 112, 4, 238.21, 368094
1439498942, 0, 1119, 5104, 5103, 2011, 91.95%, 12, 113, 4, 249.73, 369439
1439498947, 0, 1119, 5106, 5105, 2011, 91.95%, 12, 113, 4, 240.25, 370570
1439498967, 0, 1119, 5106, 5105, 2011, 91.95%, 12, 114, 4, 214.65, 375194
1439498977, 0, 1119, 5108, 5107, 2011, 91.95%, 12, 114, 4, 227.16, 377550
1439498982, 0, 1119, 5109, 5108, 2011, 91.95%, 13, 115, 4, 241.11, 378800
1439498987, 0, 1119, 5109, 5108, 2011, 91.95%, 13, 116, 4, 249.42, 380052
1439499008, 0, 1119, 5110, 5109, 2011, 91.95%, 13, 116, 4, 238.98, 384882
1439499018, 0, 1119, 5111, 5110, 2011, 91.95%, 13, 116, 4, 231.10, 387272
1439499023, 0, 1119, 5113, 5112, 2011, 91.95%, 13, 117, 4, 238.53, 388508
1439499105, 0, 1119, 5114, 5113, 2011, 91.95%, 13, 117, 4, 231.81, 407796
1439499110, 0, 1119, 5114, 5113, 2011, 91.95%, 13, 118, 4, 251.28, 409124
1439499115, 0, 1119, 5114, 5113, 2011, 91.95%, 13, 119, 4, 253.79, 410409
1439499120, 0, 1119, 5114, 5113, 2011, 91.95%, 13, 120, 4, 275.91, 411819
1439499125, 0, 1119, 5114, 5113, 2011, 91.95%, 13, 121, 4, 268.81, 413184
1439499146, 0, 1119, 5115, 5114, 2011, 91.95%, 13, 122, 4, 290.45, 419059
1439499151, 0, 1119, 5116, 5115, 2011, 91.95%, 13, 122, 4, 288.30, 420539
1439499156, 0, 1119, 5116, 5115, 2011, 91.95%, 13, 124, 4, 282.91, 421939
1439499161, 0, 1119, 5117, 5116, 2011, 91.95%, 13, 125, 4, 282.81, 423374
1439499187, 0, 1119, 5117, 5116, 2011, 91.95%, 13, 126, 4, 285.27, 430654
1439499203, 0, 1119, 5117, 5116, 2011, 91.95%, 13, 127, 4, 287.58, 435079
1439499224, 0, 1119, 5117, 5116, 2011, 91.95%, 13, 128, 4, 248.66, 440814
1439499229, 0, 1119, 5117, 5116, 2011, 91.95%, 13, 129, 4, 227.13, 441896
1439499239, 0, 1119, 5117, 5116, 2011, 91.95%, 13, 130, 4, 199.57, 444052
1439499265, 0, 1119, 5117, 5116, 2011, 91.95%, 13, 131, 4, 262.52, 450554
1439499280, 0, 1119, 5118, 5117, 2011, 91.95%, 13, 132, 4, 250.47, 454510
1439499316, 0, 1119, 5119, 5118, 2011, 91.95%, 13, 132, 4, 249.63, 464032
1439499346, 0, 1119, 5119, 5118, 2011, 91.95%, 14, 132, 4, 238.34, 471432
1439499356, 0, 1119, 5119, 5118, 2011, 91.95%, 14, 133, 4, 232.43, 473832
1439499372, 0, 1119, 5120, 5119, 2011, 91.95%, 14, 133, 4, 246.90, 477748
1439499382, 0, 1119, 5121, 5120, 2011, 91.95%, 15, 133, 4, 273.23, 480489
1439499387, 0, 1119, 5121, 5120, 2011, 91.95%, 15, 134, 4, 286.08, 481944
1439499402, 0, 1119, 5123, 5122, 2011, 91.95%, 15, 134, 4, 253.50, 486012
1439499413, 0, 1121, 5124, 5122, 2013, 91.95%, 15, 134, 4, 246.59, 488549
1439499418, 0, 1121, 5130, 5128, 2013, 91.96%, 15, 134, 4, 273.52, 489935
1439499423, 0, 1121, 5132, 5130, 2013, 91.96%, 15, 134, 4, 324.45, 491629
1439499428, 0, 1121, 5135, 5133, 2013, 91.96%, 15, 134, 4, 336.66, 493398
1439499433, 0, 1121, 5136, 5134, 2013, 91.96%, 15, 134, 4, 346.40, 495198
1439499438, 0, 1121, 5141, 5139, 2013, 92.25%, 15, 135, 4, 307.76, 496710
1439499443, 0, 1121, 5143, 5141, 2013, 92.25%, 15, 135, 4, 317.37, 498360
1439499449, 0, 1121, 5146, 5144, 2013, 92.26%, 15, 136, 4, 312.67, 499994
1439499454, 0, 1121, 5147, 5145, 2013, 92.26%, 15, 137, 4, 315.45, 501630
1439499459, 0, 1121, 5149, 5147, 2013, 92.26%, 15, 137, 4, 318.85, 503276
1439499464, 0, 1121, 5152, 5150, 2013, 92.26%, 15, 137, 4, 311.68, 504853
1439499469, 0, 1121, 5153, 5151, 2013, 92.26%, 15, 137, 4, 320.34, 506507
1439499474, 0, 1121, 5156, 5154, 2013, 92.27%, 15, 137, 4, 322.76, 508181
1439499479, 0, 1121, 5158, 5156, 2013, 92.28%, 15, 138, 4, 318.70, 509785
1439499484, 0, 1121, 5159, 5157, 2013, 92.28%, 15, 138, 4, 318.20, 511427
1439499495, 0, 1121, 5160, 5158, 2013, 92.28%, 15, 138, 4, 320.37, 514737
1439499500, 0, 1121, 5163, 5161, 2013, 92.28%, 15, 138, 4, 318.73, 516393
1439499505, 0, 1121, 5164, 5162, 2013, 92.28%, 15, 138, 4, 321.45, 518059
1439499510, 0, 1121, 5165, 5163, 2013, 92.28%, 15, 139, 4, 318.84, 519707
1439499526, 0, 1121, 5168, 5166, 2013, 92.28%, 15, 140, 4, 228.74, 523387
1439499531, 0, 1121, 5168, 5166, 2013, 92.28%, 15, 141, 4, 240.57, 524591
1439499536, 0, 1121, 5169, 5167, 2013, 92.28%, 15, 141, 4, 257.31, 525907
1439499541, 0, 1121, 5172, 5170, 2013, 92.28%, 15, 142, 4, 255.87, 527162
1439499546, 0, 1121, 5173, 5171, 2013, 92.29%, 15, 142, 4, 253.58, 528462
1439499551, 0, 1121, 5174, 5172, 2013, 92.29%, 15, 142, 4, 237.22, 529651
1439499556, 0, 1121, 5176, 5174, 2013, 92.29%, 15, 142, 4, 256.28, 530977
1439499566, 0, 1121, 5178, 5176, 2013, 92.29%, 15, 142, 4, 239.57, 533403
1439499571, 0, 1121, 5178, 5176, 2013, 92.29%, 15, 143, 4, 245.37, 534631
1439499576, 0, 1121, 5179, 5177, 2013, 92.29%, 15, 143, 4, 239.30, 535815
1439499581, 0, 1121, 5181, 5179, 2013, 92.29%, 15, 143, 4, 235.60, 536983
1439499592, 0, 1121, 5182, 5180, 2013, 92.30%, 15, 143, 4, 262.08, 539652
1439499597, 0, 1121, 5183, 5181, 2013, 92.30%, 15, 143, 4, 235.31, 540887
1439499602, 0, 1121, 5183, 5181, 2013, 92.30%, 15, 146, 4, 242.13, 542163
1439499607, 0, 1121, 5184, 5182, 2013, 92.30%, 15, 146, 4, 219.45, 543215
1439499612, 0, 1121, 5185, 5183, 2013, 92.30%, 15, 146, 4, 223.11, 544375
1439499617, 0, 1121, 5187, 5185, 2013, 92.30%, 15, 146, 4, 254.40, 545687
1439499622, 0, 1121, 5190, 5188, 2013, 92.30%, 15, 146, 4, 266.68, 547074
1439499632, 0, 1121, 5191, 5189, 2013, 92.30%, 15, 146, 4, 241.54, 549490
1439499637, 0, 1121, 5192, 5190, 2013, 92.30%, 15, 146, 4, 217.79, 550536
1439499642, 0, 1121, 5193, 5191, 2013, 92.30%, 15, 146, 4, 212.22, 551618
1439499647, 0, 1121, 5195, 5193, 2013, 92.31%, 15, 146, 4, 241.70, 552874
1439499652, 0, 1121, 5196, 5194, 2013, 92.31%, 15, 147, 4, 222.71, 554030
1439499673, 0, 1121, 5197, 5195, 2013, 92.31%, 15, 149, 4, 267.63, 559004
1439499678, 0, 1121, 5198, 5196, 2013, 92.31%, 15, 149, 4, 273.73, 560454
1439499683, 0, 1121, 5201, 5199, 2013, 92.32%, 15, 150, 4, 260.96, 561785
1439499688, 0, 1121, 5202, 5200, 2013, 92.32%, 15, 151, 4, 279.60, 563208
1439499698, 0, 1121, 5203, 5201, 2013, 92.32%, 15, 151, 4, 242.56, 565703
1439499703, 0, 1121, 5203, 5201, 2013, 92.32%, 15, 153, 4, 235.05, 566895
1439499708, 0, 1121, 5204, 5202, 2013, 92.32%, 15, 153, 4, 244.35, 568103
1439499718, 0, 1121, 5207, 5205, 2013, 92.32%, 15, 153, 4, 257.57, 570713
1439499723, 0, 1121, 5208, 5206, 2013, 92.32%, 15, 153, 4, 261.61, 572088
1439499728, 0, 1121, 5209, 5207, 2013, 92.34%, 15, 154, 4, 283.89, 573498
1439499733, 0, 1121, 5211, 5209, 2013, 92.35%, 15, 154, 4, 299.22, 575023
1439499739, 0, 1121, 5213, 5211, 2013, 92.35%, 15, 155, 4, 302.92, 576583
1439499744, 0, 1121, 5214, 5212, 2013, 92.35%, 15, 156, 4, 312.22, 578165
1439499749, 0, 1121, 5216, 5214, 2013, 92.35%, 15, 156, 4, 318.12, 579769
1439499759, 0, 1121, 5217, 5215, 2013, 92.35%, 15, 156, 4, 318.52, 583061
1439499769, 0, 1121, 5219, 5217, 2013, 92.35%, 15, 156, 4, 322.02, 586339
1439499780, 0, 1121, 5220, 5218, 2013, 92.35%, 15, 156, 4, 315.30, 589655
1439499785, 0, 1121, 5222, 5220, 2013, 92.36%, 15, 156, 4, 318.95, 591301
1439499790, 0, 1121, 5225, 5223, 2013, 92.36%, 15, 157, 4, 319.58, 592945
1439499800, 0, 1121, 5226, 5224, 2013, 92.36%, 15, 157, 4, 317.19, 596243
1439499810, 0, 1121, 5227, 5225, 2013, 92.36%, 15, 158, 4, 312.89, 599379
1439499815, 0, 1121, 5227, 5225, 2013, 92.36%, 15, 159, 4, 306.92, 600927
1439499821, 0, 1121, 5228, 5226, 2013, 92.36%, 15, 159, 4, 284.91, 602398
1439499841, 0, 1121, 5228, 5226, 2013, 92.36%, 15, 160, 4, 237.73, 606863
1439499846, 0, 1121, 5229, 5227, 2013, 92.36%, 15, 160, 4, 245.83, 608119
1439499851, 0, 1121, 5229, 5227, 2013, 92.36%, 15, 161, 4, 219.81, 609211
1439499881, 0, 1121, 5229, 5227, 2013, 92.36%, 15, 162, 4, 226.47, 616063
1439499887, 0, 1121, 5230, 5228, 2013, 92.37%, 15, 162, 4, 228.63, 617239
1439499897, 0, 1121, 5230, 5228, 2013, 92.37%, 15, 163, 4, 244.79, 619731
1439499907, 0, 1121, 5232, 5230, 2013, 92.37%, 15, 163, 4, 233.57, 622215
1439499922, 0, 1121, 5232, 5230, 2013, 92.37%, 15, 164, 4, 223.54, 625751
1439499932, 0, 1121, 5233, 5231, 2013, 92.37%, 15, 164, 4, 222.18, 628039
1439499943, 0, 1121, 5233, 5231, 2013, 92.37%, 15, 165, 4, 234.03, 630443
1439499958, 0, 1121, 5234, 5232, 2013, 92.37%, 15, 165, 4, 269.80, 634267
1439499963, 0, 1121, 5235, 5233, 2013, 92.37%, 15, 165, 4, 274.89, 635642
1439499973, 0, 1121, 5236, 5234, 2013, 92.37%, 15, 166, 4, 233.20, 638199
1439499983, 0, 1121, 5237, 5235, 2013, 92.37%, 15, 166, 4, 220.50, 640475
1439499999, 0, 1121, 5238, 5236, 2013, 92.37%, 15, 166, 4, 250.29, 644179
1439500009, 0, 1121, 5239, 5237, 2013, 92.37%, 15, 166, 4, 257.56, 646707
1439500014, 0, 1121, 5240, 5238, 2013, 92.37%, 15, 166, 4, 238.86, 647933
1439500019, 0, 1121, 5244, 5242, 2013, 92.38%, 15, 166, 4, 253.49, 649222
1439500029, 0, 1121, 5245, 5243, 2013, 92.41%, 15, 167, 4, 246.45, 651673
1439500039, 0, 1121, 5246, 5244, 2013, 92.41%, 15, 167, 4, 262.22, 654382
1439500044, 0, 1121, 5247, 5245, 2013, 92.41%, 15, 167, 4, 279.22, 655787
1439500059, 0, 1125, 5249, 5246, 2029, 92.41%, 15, 167, 4, 263.01, 660014
1439500064, 0, 1125, 5250, 5247, 2029, 92.41%, 15, 168, 4, 210.90, 660974
1439500069, 0, 1125, 5251, 5248, 2029, 92.41%, 15, 168, 4, 223.04, 662116
1439500074, 0, 1125, 5253, 5250, 2029, 92.41%, 15, 168, 4, 218.78, 663232
1439500120, 0, 1125, 5254, 5251, 2029, 92.41%, 15, 168, 4, 212.95, 673005
1439500125, 0, 1125, 5255, 5252, 2029, 92.41%, 17, 170, 4, 191.41, 674005
1439500130, 0, 1125, 5257, 5254, 2029, 92.41%, 17, 174, 4, 167.99, 674856
1439500135, 0, 1125, 5258, 5255, 2029, 92.41%, 17, 176, 4, 136.43, 675498
1439500141, 0, 1125, 5260, 5257, 2029, 92.41%, 17, 178, 4, 149.06, 676230
1439500146, 0, 1125, 5261, 5258, 2029, 92.41%, 17, 180, 4, 161.52, 677074
1439500151, 0, 1125, 5261, 5258, 2029, 92.41%, 18, 181, 4, 145.52, 677772
1439500156, 0, 1125, 5262, 5259, 2029, 92.41%, 18, 181, 4, 201.97, 678866
1439500161, 0, 1125, 5262, 5259, 2029, 92.41%, 19, 181, 4, 213.75, 679958
1439500166, 0, 1125, 5263, 5260, 2029, 92.41%, 19, 181, 4, 216.20, 681084
1439500171, 0, 1125, 5265, 5262, 2029, 92.43%, 19, 181, 4, 220.16, 682190
1439500191, 0, 1125, 5266, 5263, 2029, 92.43%, 19, 181, 4, 225.38, 686644
1439500197, 0, 1125, 5267, 5264, 2029, 92.43%, 19, 181, 4, 216.31, 687774
1439500202, 0, 1125, 5269, 5266, 2029, 92.43%, 19, 181, 4, 217.44, 688886
1439500207, 0, 1125, 5270, 5267, 2029, 92.43%, 19, 181, 4, 205.97, 689916
1439500222, 0, 1125, 5271, 5268, 2029, 92.43%, 20, 181, 4, 219.26, 693294
1439500253, 0, 1125, 5271, 5268, 2029, 92.43%, 21, 181, 4, 223.10, 699722
1439500268, 0, 1125, 5272, 5269, 2029, 92.43%, 21, 182, 4, 228.91, 703400
1439500289, 0, 1125, 5273, 5270, 2029, 92.43%, 21, 182, 4, 235.81, 708258
1439500294, 0, 1125, 5274, 5271, 2029, 92.43%, 21, 183, 4, 227.16, 709412
1439500299, 0, 1125, 5275, 5272, 2029, 92.43%, 21, 183, 4, 237.79, 710614
1439500309, 0, 1125, 5276, 5273, 2029, 92.44%, 21, 183, 4, 245.48, 713074
1439500319, 0, 1125, 5277, 5274, 2029, 92.44%, 21, 183, 4, 239.53, 715460
1439500324, 0, 1125, 5278, 5275, 2029, 92.44%, 21, 183, 4, 239.29, 716650
1439500349, 0, 1125, 5279, 5276, 2029, 92.44%, 21, 183, 4, 245.99, 722840
1439500408, 0, 1125, 5280, 5277, 2029, 92.44%, 22, 183, 4, 246.57, 734857
1439500428, 0, 1125, 5281, 5278, 2029, 92.44%, 22, 183, 4, 214.17, 739617
1439500433, 0, 1125, 5282, 5279, 2029, 92.44%, 22, 183, 4, 214.96, 740719
1439500479, 0, 1125, 5283, 5280, 2029, 92.44%, 22, 183, 4, 206.83, 750645
1439500484, 0, 1125, 5284, 5281, 2029, 92.44%, 23, 183, 4, 217.07, 751749
1439500494, 0, 1125, 5286, 5283, 2029, 92.44%, 23, 183, 4, 229.46, 754067
1439500504, 0, 1125, 5287, 5284, 2029, 92.45%, 23, 183, 4, 213.43, 756235
1439500530, 0, 1125, 5289, 5286, 2029, 92.45%, 23, 183, 4, 216.41, 761777
1439500535, 0, 1125, 5290, 5287, 2029, 92.45%, 23, 183, 4, 202.06, 762795
1439500540, 0, 1125, 5291, 5288, 2029, 92.45%, 23, 183, 4, 209.11, 763861
1439500565, 0, 1125, 5292, 5289, 2029, 92.46%, 23, 183, 4, 250.69, 769973
1439500610, 0, 1125, 5293, 5290, 2029, 92.46%, 23, 183, 4, 247.87, 780937
1439500626, 0, 1125, 5293, 5290, 2029, 92.46%, 24, 183, 4, 249.62, 784773
1439500636, 0, 1125, 5294, 5291, 2029, 92.46%, 24, 183, 4, 245.57, 787251
1439500661, 0, 1146, 5295, 5291, 2039, 92.46%, 24, 183, 4, 272.12, 793816
1439500666, 0, 1146, 5299, 5295, 2039, 92.46%, 24, 183, 4, 331.77, 795609
1439500672, 0, 1146, 5304, 5300, 2039, 92.47%, 24, 183, 4, 345.74, 797414
1439500677, 0, 1146, 5306, 5302, 2039, 92.47%, 24, 183, 4, 347.97, 799198
1439500682, 0, 1146, 5311, 5307, 2039, 92.48%, 24, 183, 4, 328.07, 800905
1439500687, 0, 1146, 5315, 5311, 2039, 92.48%, 24, 183, 4, 321.92, 802569
1439500692, 0, 1146, 5320, 5316, 2039, 92.50%, 24, 184, 4, 317.85, 804147
1439500697, 0, 1146, 5324, 5320, 2039, 92.50%, 24, 184, 4, 323.49, 805819
1439500702, 0, 1146, 5329, 5325, 2039, 93.04%, 24, 185, 4, 311.12, 807294
1439500707, 0, 1146, 5335, 5331, 2039, 93.06%, 24, 186, 4, 320.67, 808961
1439500713, 0, 1146, 5339, 5335, 2039, 93.06%, 24, 187, 4, 323.45, 810621
1439500718, 0, 1146, 5341, 5337, 2039, 93.06%, 24, 189, 4, 321.39, 812261
1439500723, 0, 1146, 5341, 5337, 2039, 93.06%, 24, 190, 4, 275.47, 813656
1439500728, 0, 1146, 5343, 5339, 2039, 93.08%, 24, 190, 4, 255.00, 814916
1439500733, 0, 1146, 5344, 5340, 2039, 93.08%, 24, 191, 4, 252.55, 816206
1439500738, 0, 1146, 5344, 5340, 2039, 93.08%, 24, 192, 4, 230.83, 817293
1439500743, 0, 1146, 5348, 5344, 2039, 93.09%, 24, 192, 4, 255.92, 818599
1439500748, 0, 1146, 5349, 5345, 2039, 93.09%, 24, 192, 4, 237.90, 819785
1439500753, 0, 1146, 5350, 5346, 2039, 93.09%, 24, 192, 4, 228.06, 820965
1439500764, 0, 1146, 5352, 5348, 2039, 93.09%, 24, 192, 4, 236.97, 823382
1439500769, 0, 1146, 5354, 5350, 2039, 93.09%, 24, 192, 4, 267.94, 824821
1439500774, 0, 1146, 5355, 5351, 2039, 93.09%, 24, 192, 4, 219.03, 825914
1439500779, 0, 1146, 5356, 5352, 2039, 93.09%, 24, 194, 4, 230.15, 827110
1439500784, 0, 1146, 5357, 5353, 2039, 93.09%, 24, 195, 4, 235.71, 828326
1439500789, 0, 1146, 5358, 5354, 2039, 93.09%, 24, 195, 4, 254.95, 829625
1439500794, 0, 1146, 5361, 5357, 2039, 93.09%, 24, 195, 4, 235.96, 830889
1439500800, 0, 1146, 5361, 5357, 2039, 93.09%, 24, 196, 4, 245.14, 832137
1439500805, 0, 1146, 5361, 5357, 2039, 93.09%, 24, 197, 4, 216.88, 833201
1439500810, 0, 1146, 5362, 5358, 2039, 93.10%, 24, 197, 4, 261.86, 834650
1439500815, 0, 1146, 5364, 5360, 2039, 93.10%, 24, 199, 4, 260.28, 835989
1439500820, 0, 1146, 5364, 5360, 2039, 93.10%, 24, 200, 4, 241.50, 837201
1439500825, 0, 1146, 5366, 5362, 2039, 93.10%, 24, 200, 4, 228.72, 838349
1439500830, 0, 1146, 5367, 5363, 2039, 93.10%, 24, 200, 4, 226.78, 839465
1439500835, 0, 1146, 5368, 5364, 2039, 93.10%, 24, 200, 4, 240.52, 840685
1439500840, 0, 1146, 5370, 5366, 2039, 93.10%, 24, 200, 4, 273.62, 842099
1439500845, 0, 1146, 5372, 5368, 2039, 93.11%, 25, 200, 4, 263.32, 843429
1439500850, 0, 1146, 5374, 5370, 2039, 93.11%, 25, 200, 4, 276.08, 844834
1439500855, 0, 1146, 5376, 5372, 2039, 93.11%, 25, 201, 4, 246.82, 846097
1439500860, 0, 1146, 5376, 5372, 2039, 93.11%, 25, 202, 4, 248.67, 847384
1439500865, 0, 1146, 5377, 5373, 2039, 93.11%, 25, 202, 4, 237.37, 848613
1439500876, 0, 1146, 5378, 5374, 2039, 93.11%, 25, 203, 4, 232.52, 851069
1439500881, 0, 1146, 5379, 5375, 2039, 93.11%, 25, 204, 4, 247.81, 852361
1439500886, 0, 1146, 5381, 5377, 2039, 93.13%, 25, 204, 4, 224.78, 853504
1439500891, 0, 1146, 5382, 5378, 2039, 93.13%, 25, 206, 4, 229.67, 854708
1439500906, 0, 1146, 5384, 5380, 2039, 93.14%, 25, 206, 4, 243.80, 858312
1439500911, 0, 1146, 5387, 5383, 2039, 93.14%, 25, 206, 4, 262.15, 859681
1439500916, 0, 1146, 5391, 5387, 2039, 93.21%, 25, 206, 4, 248.40, 860908
1439500932, 0, 1146, 5395, 5391, 2039, 93.21%, 25, 207, 4, 266.51, 864803
1439500937, 0, 1146, 5397, 5393, 2039, 93.23%, 25, 207, 4, 276.04, 866201
1439500942, 0, 1146, 5399, 5395, 2039, 93.24%, 25, 207, 4, 279.51, 867613
1439500947, 0, 1146, 5402, 5398, 2039, 93.37%, 25, 207, 4, 279.17, 869022
1439500952, 0, 1146, 5405, 5401, 2039, 93.42%, 25, 207, 4, 272.39, 870427
1439500957, 0, 1146, 5406, 5402, 2039, 93.42%, 25, 209, 4, 277.90, 871837
1439500963, 0, 1146, 5408, 5404, 2039, 93.43%, 25, 209, 4, 277.97, 873262
1439500968, 0, 1146, 5409, 5405, 2039, 93.43%, 25, 209, 4, 281.76, 874734
1439500973, 0, 1146, 5410, 5406, 2039, 93.43%, 25, 209, 4, 283.87, 876152
1439500983, 0, 1146, 5413, 5409, 2039, 93.43%, 25, 209, 4, 283.96, 878987
1439500988, 0, 1146, 5415, 5411, 2039, 93.43%, 26, 210, 4, 285.24, 880412
1439500998, 0, 1146, 5416, 5412, 2039, 93.44%, 26, 210, 4, 284.35, 883292
1439501003, 0, 1146, 5416, 5412, 2039, 93.44%, 26, 211, 4, 279.65, 884707
1439501008, 0, 1146, 5417, 5413, 2039, 93.44%, 26, 212, 4, 281.07, 886137
1439501013, 0, 1146, 5418, 5414, 2039, 93.44%, 26, 213, 4, 284.65, 887567
1439501018, 0, 1146, 5419, 5415, 2039, 93.47%, 26, 213, 4, 283.30, 888997
1439501028, 0, 1146, 5422, 5418, 2039, 93.48%, 26, 214, 4, 260.53, 891682
1439501038, 0, 1146, 5423, 5419, 2039, 93.48%, 26, 214, 4, 234.72, 894006
1439501044, 0, 1146, 5424, 5420, 2039, 93.48%, 26, 215, 4, 239.65, 895262
1439501054, 0, 1146, 5425, 5421, 2039, 93.48%, 26, 216, 4, 218.10, 897462
1439501069, 0, 1146, 5426, 5422, 2039, 93.48%, 26, 216, 4, 233.17, 900910
1439501074, 0, 1146, 5427, 5423, 2039, 93.48%, 26, 216, 4, 213.34, 901963
1439501089, 0, 1146, 5427, 5423, 2039, 93.48%, 26, 218, 4, 250.77, 905628
1439501094, 0, 1146, 5427, 5423, 2039, 93.48%, 26, 219, 4, 245.83, 906875
1439501100, 0, 1146, 5428, 5424, 2039, 93.48%, 26, 219, 4, 245.52, 908107
1439501105, 0, 1146, 5429, 5425, 2039, 93.49%, 26, 220, 4, 221.57, 909231
1439501115, 0, 1146, 5429, 5425, 2039, 93.49%, 26, 221, 4, 252.18, 911718
1439501125, 0, 1146, 5430, 5426, 2039, 93.49%, 26, 221, 4, 243.96, 914111
1439501135, 0, 1146, 5431, 5427, 2039, 93.49%, 26, 221, 4, 232.00, 916355
1439501140, 0, 1146, 5432, 5428, 2039, 93.49%, 26, 221, 4, 274.25, 917828
1439501150, 0, 1146, 5433, 5429, 2039, 93.49%, 26, 221, 4, 284.06, 920668
1439501156, 0, 1146, 5434, 5430, 2039, 93.49%, 26, 221, 4, 260.24, 921948
1439501161, 0, 1146, 5435, 5431, 2039, 93.49%, 26, 221, 4, 231.14, 923071
1439501166, 0, 1146, 5436, 5432, 2039, 93.49%, 26, 221, 4, 234.99, 924271
1439501176, 0, 1146, 5437, 5433, 2039, 93.49%, 26, 222, 4, 228.93, 926555
1439501181, 0, 1146, 5438, 5434, 2039, 93.49%, 26, 222, 4, 235.03, 927775
1439501186, 0, 1146, 5440, 5436, 2039, 93.49%, 26, 223, 4, 223.17, 928875
1439501191, 0, 1146, 5441, 5437, 2039, 93.50%, 26, 224, 4, 237.89, 930055
1439501196, 0, 1146, 5443, 5439, 2039, 93.50%, 26, 224, 4, 260.42, 931373
1439501206, 0, 1146, 5446, 5442, 2039, 93.50%, 26, 225, 4, 221.67, 933619
1439501216, 0, 1146, 5447, 5443, 2039, 93.52%, 26, 225, 4, 243.99, 936107
1439501221, 0, 1146, 5449, 5445, 2039, 93.66%, 26, 225, 4, 232.01, 937243
1439501227, 0, 1146, 5452, 5448, 2039, 93.69%, 26, 226, 4, 240.01, 938478
1439501237, 0, 1146, 5455, 5451, 2039, 93.69%, 26, 227, 4, 280.25, 941238
1439501242, 0, 1146, 5457, 5453, 2039, 93.69%, 26, 227, 4, 281.25, 942648
1439501247, 0, 1146, 5457, 5453, 2039, 93.69%, 26, 228, 4, 283.34, 944123
1439501252, 0, 1146, 5458, 5454, 2039, 93.69%, 26, 228, 4, 286.77, 945558
1439501257, 0, 1146, 5459, 5455, 2039, 93.69%, 26, 228, 4, 283.48, 946968
1439501267, 0, 1146, 5461, 5457, 2039, 93.69%, 26, 229, 4, 287.28, 949898
1439501273, 0, 1146, 5462, 5458, 2039, 93.69%, 26, 229, 4, 285.71, 951388
1439501283, 0, 1146, 5463, 5459, 2039, 93.70%, 26, 231, 4, 280.30, 954333
1439501288, 0, 1146, 5465, 5461, 2039, 93.70%, 26, 231, 4, 302.57, 955894
1439501293, 0, 1146, 5466, 5462, 2039, 93.70%, 26, 231, 4, 315.95, 957494
1439501309, 0, 1146, 5468, 5464, 2039, 93.70%, 26, 231, 4, 320.70, 962440
1439501314, 0, 1146, 5469, 5465, 2039, 93.70%, 26, 231, 4, 317.83, 964088
1439501319, 0, 1146, 5469, 5465, 2039, 93.70%, 26, 232, 4, 320.11, 965738
1439501324, 0, 1150, 5471, 5466, 2059, 93.70%, 26, 232, 4, 211.79, 966789
1439501329, 0, 1150, 5472, 5467, 2059, 93.71%, 26, 232, 4, 166.68, 967555
1439501334, 0, 1150, 5473, 5468, 2059, 93.71%, 26, 232, 4, 143.77, 968271
1439501339, 0, 1150, 5475, 5470, 2059, 93.71%, 26, 232, 4, 146.41, 969012
1439501468, 0, 1150, 5475, 5470, 2059, 93.71%, 27, 232, 4, 175.18, 987844
1439501473, 0, 1150, 5475, 5470, 2059, 93.71%, 28, 232, 4, 194.23, 988876
1439501479, 0, 1150, 5477, 5472, 2059, 93.71%, 28, 233, 4, 205.95, 989959
1439501484, 0, 1150, 5478, 5473, 2059, 93.71%, 28, 233, 4, 199.39, 990949
1439501499, 0, 1150, 5479, 5474, 2059, 93.71%, 28, 233, 4, 173.76, 993818
1439501504, 0, 1150, 5479, 5474, 2059, 93.71%, 29, 233, 4, 177.48, 994742
1439501509, 0, 1150, 5480, 5475, 2059, 93.71%, 29, 233, 4, 184.63, 995706
1439501514, 0, 1150, 5481, 5476, 2059, 93.71%, 29, 233, 4, 181.73, 996607
1439501519, 0, 1150, 5482, 5477, 2059, 93.71%, 29, 233, 4, 183.12, 997553
1439501529, 0, 1150, 5482, 5477, 2059, 93.71%, 29, 234, 4, 180.83, 999359
1439501550, 0, 1150, 5483, 5478, 2059, 93.71%, 29, 234, 4, 209.55, 1003283
1439501555, 0, 1150, 5484, 5479, 2059, 93.71%, 30, 234, 4, 207.48, 1004315
1439501570, 0, 1150, 5485, 5480, 2059, 93.71%, 30, 235, 4, 214.12, 1007551
1439501590, 0, 1150, 5486, 5481, 2059, 93.71%, 30, 235, 4, 207.80, 1011841
1439501600, 0, 1150, 5487, 5482, 2059, 93.71%, 30, 235, 4, 213.68, 1013999
1439501605, 0, 1150, 5488, 5483, 2059, 93.71%, 30, 235, 4, 212.50, 1015087
1439501610, 0, 1150, 5489, 5484, 2059, 93.72%, 30, 236, 4, 209.65, 1016143
1439501615, 0, 1150, 5490, 5485, 2059, 93.72%, 30, 236, 4, 216.76, 1017227
1439501621, 0, 1150, 5491, 5486, 2059, 93.72%, 30, 236, 4, 202.97, 1018253
1439501626, 0, 1150, 5492, 5487, 2059, 93.72%, 30, 236, 4, 199.87, 1019253
1439501631, 0, 1150, 5493, 5488, 2059, 93.72%, 30, 236, 4, 186.55, 1020178
1439501651, 0, 1150, 5494, 5489, 2059, 93.72%, 30, 237, 4, 199.31, 1024112
1439501661, 0, 1150, 5495, 5490, 2059, 93.72%, 30, 237, 4, 195.72, 1026126
1439501671, 0, 1150, 5496, 5491, 2059, 93.73%, 30, 237, 4, 196.13, 1028173
1439501697, 0, 1150, 5497, 5492, 2059, 93.73%, 30, 237, 4, 201.28, 1033217
1439501707, 0, 1150, 5498, 5493, 2059, 93.73%, 30, 237, 4, 197.61, 1035204
1439501722, 0, 1150, 5498, 5493, 2059, 93.73%, 30, 238, 4, 191.27, 1038237
1439501733, 0, 1150, 5499, 5494, 2059, 93.74%, 30, 238, 4, 174.79, 1040053
1439501748, 0, 1150, 5500, 5495, 2059, 93.74%, 30, 238, 4, 200.54, 1042837
1439501768, 0, 1150, 5501, 5496, 2059, 93.75%, 30, 239, 4, 200.37, 1046873
1439501778, 0, 1150, 5502, 5497, 2059, 93.75%, 30, 239, 4, 199.04, 1048858
1439501804, 0, 1150, 5503, 5498, 2059, 93.75%, 30, 239, 4, 193.06, 1053860
1439501809, 0, 1150, 5503, 5498, 2059, 93.75%, 30, 240, 4, 197.73, 1054889
1439501835, 0, 1150, 5504, 5499, 2059, 93.76%, 30, 240, 4, 211.22, 1060045
1439501840, 0, 1150, 5505, 5500, 2059, 93.76%, 30, 240, 4, 214.64, 1061117
1439501845, 0, 1150, 5505, 5500, 2059, 93.76%, 30, 241, 4, 212.34, 1062185
1439501860, 0, 1150, 5505, 5500, 2059, 93.76%, 30, 242, 4, 207.53, 1065361
1439501866, 0, 1150, 5506, 5501, 2059, 93.78%, 30, 242, 4, 206.34, 1066397
1439501886, 0, 1150, 5507, 5502, 2059, 93.78%, 30, 242, 4, 212.98, 1070673
1439501901, 0, 1150, 5509, 5504, 2059, 93.79%, 30, 242, 4, 213.40, 1073891
1439501911, 0, 1150, 5510, 5505, 2059, 93.79%, 31, 242, 4, 217.42, 1076063
1439501941, 0, 1150, 5510, 5505, 2059, 93.79%, 31, 243, 4, 119.20, 1081407
1439501957, 0, 1150, 5510, 5505, 2059, 93.79%, 31, 244, 4, 162.08, 1083651
1439501967, 0, 1150, 5511, 5506, 2059, 93.80%, 31, 244, 4, 179.71, 1085494
1439501982, 0, 1150, 5512, 5507, 2059, 93.80%, 31, 244, 4, 179.32, 1088231
1439501993, 0, 1150, 5512, 5507, 2059, 93.80%, 31, 245, 4, 183.18, 1090115
1439502013, 0, 1150, 5512, 5507, 2059, 93.80%, 31, 246, 4, 186.86, 1093715
1439502028, 0, 1150, 5515, 5510, 2059, 93.80%, 31, 246, 4, 179.59, 1096393
1439502038, 0, 1150, 5515, 5510, 2059, 93.80%, 31, 247, 4, 185.67, 1098260
1439502043, 0, 1150, 5516, 5511, 2059, 93.80%, 31, 247, 4, 190.08, 1099251
1439502069, 0, 1150, 5516, 5511, 2059, 93.80%, 31, 248, 4, 201.99, 1104377
1439502079, 0, 1150, 5518, 5513, 2059, 93.80%, 31, 248, 4, 199.63, 1106443
1439502090, 0, 1162, 5519, 5513, 2067, 93.80%, 31, 248, 4, 195.69, 1108457
1439502095, 0, 1162, 5519, 5513, 2067, 93.80%, 31, 249, 4, 198.63, 1109483
1439502177, 0, 1162, 5519, 5513, 2067, 93.80%, 31, 250, 4, 235.62, 1126895
1439502192, 0, 1169, 5519, 5512, 2066, 93.80%, 31, 250, 4, 251.60, 1130604
1439502238, 0, 1169, 5520, 5513, 2066, 93.80%, 31, 251, 4, 239.24, 1145261
1439502243, 0, 1169, 5521, 5514, 2066, 93.80%, 31, 252, 4, 256.68, 1146606
1439502274, 0, 1169, 5521, 5514, 2066, 93.80%, 31, 253, 4, 246.12, 1153721
1439502279, 0, 1169, 5521, 5514, 2066, 93.80%, 31, 254, 4, 277.71, 1155171
1439502284, 0, 1169, 5521, 5514, 2066, 93.80%, 31, 255, 4, 264.75, 1156466
1439502294, 0, 1169, 5521, 5514, 2066, 93.80%, 31, 256, 4, 255.73, 1159151
1439502299, 0, 1182, 5521, 5513, 2065, 93.80%, 31, 256, 4, 234.46, 1160403
1439502304, 0, 1182, 5521, 5513, 2065, 93.80%, 31, 257, 4, 193.83, 1161333
1439502309, 0, 1182, 5522, 5514, 2065, 93.80%, 31, 257, 4, 192.47, 1162293
1439502334, 0, 1182, 5522, 5514, 2065, 93.80%, 31, 258, 4, 179.31, 1166908
1439502339, 0, 1182, 5523, 5515, 2065, 93.80%, 31, 258, 4, 185.96, 1167858
1439502345, 0, 1182, 5524, 5516, 2065, 93.80%, 31, 258, 4, 183.65, 1168807
1439502350, 0, 1182, 5524, 5516, 2065, 93.80%, 31, 259, 4, 184.80, 1169745
1439502365, 0, 1182, 5526, 5518, 2065, 93.81%, 31, 259, 4, 213.01, 1172689
1439502370, 0, 1182, 5526, 5518, 2065, 93.81%, 31, 260, 4, 219.68, 1173829
1439502375, 0, 1182, 5527, 5519, 2065, 93.81%, 31, 260, 4, 220.35, 1174941
1439502380, 0, 1182, 5532, 5524, 2065, 93.95%, 31, 260, 4, 217.12, 1176016
1439502390, 0, 1182, 5532, 5524, 2065, 93.95%, 31, 262, 4, 220.89, 1178245
1439502395, 0, 1182, 5533, 5525, 2065, 93.95%, 31, 263, 4, 213.60, 1179313
1439502405, 0, 1182, 5534, 5526, 2065, 93.95%, 31, 263, 4, 220.43, 1181585
1439502411, 0, 1182, 5535, 5527, 2065, 93.97%, 31, 265, 4, 222.02, 1182741
1439502421, 0, 1182, 5536, 5528, 2065, 94.11%, 31, 265, 4, 228.37, 1185013
1439502426, 0, 1182, 5537, 5529, 2065, 94.11%, 31, 265, 4, 230.99, 1186163
1439502436, 0, 1182, 5538, 5530, 2065, 94.12%, 31, 265, 4, 228.52, 1188529
1439502441, 0, 1182, 5539, 5531, 2065, 94.12%, 31, 266, 4, 231.72, 1189709
1439502446, 0, 1182, 5540, 5532, 2065, 94.12%, 31, 266, 4, 232.16, 1190901
1439502451, 0, 1182, 5541, 5533, 2065, 94.13%, 31, 267, 4, 234.63, 1192117
1439502461, 0, 1182, 5543, 5535, 2065, 94.13%, 31, 267, 4, 234.62, 1194459
1439502466, 0, 1182, 5545, 5537, 2065, 94.13%, 31, 268, 4, 234.26, 1195635
1439502471, 0, 1182, 5546, 5538, 2065, 94.14%, 31, 268, 4, 238.50, 1196839
1439502477, 0, 1182, 5549, 5541, 2065, 94.15%, 31, 269, 4, 235.15, 1198055
1439502482, 0, 1182, 5550, 5542, 2065, 94.16%, 31, 270, 4, 230.37, 1199215
1439502502, 0, 1182, 5552, 5544, 2065, 94.16%, 31, 271, 4, 232.16, 1203927
1439502507, 0, 1182, 5553, 5545, 2065, 94.16%, 31, 271, 4, 231.34, 1205119
1439502512, 0, 1182, 5554, 5546, 2065, 94.16%, 31, 271, 4, 234.21, 1206303
1439502517, 0, 1182, 5557, 5549, 2065, 94.17%, 31, 271, 4, 233.49, 1207523
1439502523, 0, 1182, 5558, 5550, 2065, 94.17%, 31, 272, 4, 231.35, 1208719
1439502528, 0, 1182, 5559, 5551, 2065, 94.17%, 31, 272, 4, 231.00, 1209919
1439502533, 0, 1182, 5559, 5551, 2065, 94.17%, 31, 273, 4, 220.82, 1211051
1439502538, 0, 1182, 5560, 5552, 2065, 94.17%, 31, 273, 4, 229.08, 1212207
1439502543, 0, 1182, 5562, 5554, 2065, 94.18%, 31, 273, 4, 222.81, 1213355
1439502548, 0, 1182, 5562, 5554, 2065, 94.18%, 31, 274, 4, 217.27, 1214439
1439502553, 0, 1182, 5564, 5556, 2065, 94.19%, 31, 275, 4, 220.90, 1215559
1439502558, 0, 1182, 5565, 5557, 2065, 94.19%, 31, 277, 4, 221.23, 1216679
1439502563, 0, 1182, 5565, 5557, 2065, 94.19%, 31, 280, 4, 212.86, 1217743
1439502568, 0, 1182, 5565, 5557, 2065, 94.19%, 31, 281, 4, 217.23, 1218815
1439502573, 0, 1182, 5566, 5558, 2065, 94.19%, 31, 281, 4, 217.45, 1219939
1439502578, 0, 1182, 5566, 5558, 2065, 94.19%, 31, 282, 4, 221.33, 1221047
1439502583, 0, 1182, 5567, 5559, 2065, 94.19%, 31, 282, 4, 201.20, 1222067
1439502588, 0, 1182, 5568, 5560, 2065, 94.20%, 31, 282, 4, 217.15, 1223171
1439502603, 0, 1182, 5569, 5561, 2065, 94.21%, 31, 282, 4, 219.58, 1226471
1439502609, 0, 1182, 5570, 5562, 2065, 94.21%, 31, 282, 4, 220.58, 1227571
1439502614, 0, 1182, 5571, 5563, 2065, 94.27%, 31, 282, 4, 218.01, 1228695
1439502619, 0, 1182, 5571, 5563, 2065, 94.27%, 31, 283, 4, 221.84, 1229803
1439502624, 0, 1182, 5574, 5566, 2065, 94.27%, 31, 283, 4, 204.88, 1230811
1439502629, 0, 1182, 5575, 5567, 2065, 94.27%, 31, 283, 4, 213.39, 1231891
1439502639, 0, 1182, 5576, 5568, 2065, 94.27%, 31, 283, 4, 221.24, 1234096
1439502644, 0, 1182, 5577, 5569, 2065, 94.27%, 31, 283, 4, 227.24, 1235244
1439502654, 0, 1182, 5578, 5570, 2065, 94.27%, 31, 284, 4, 209.32, 1237412
1439502659, 0, 1182, 5580, 5572, 2065, 94.28%, 31, 286, 4, 219.33, 1238560
1439502664, 0, 1182, 5582, 5574, 2065, 94.29%, 31, 286, 4, 218.25, 1239696
1439502669, 0, 1182, 5583, 5575, 2065, 94.29%, 31, 286, 4, 220.47, 1240792
1439502674, 0, 1182, 5587, 5579, 2065, 94.30%, 31, 286, 4, 224.74, 1241936
1439502680, 0, 1182, 5589, 5581, 2065, 94.30%, 31, 286, 4, 220.31, 1243028
1439502685, 0, 1182, 5590, 5582, 2065, 94.30%, 31, 286, 4, 211.59, 1244088
1439502690, 0, 1182, 5591, 5583, 2065, 94.31%, 31, 286, 4, 214.23, 1245164
1439502695, 0, 1182, 5592, 5584, 2065, 94.31%, 31, 286, 4, 221.97, 1246292
1439502705, 0, 1182, 5594, 5586, 2065, 94.31%, 31, 286, 4, 218.53, 1248484
1439502710, 0, 1182, 5599, 5591, 2065, 94.35%, 31, 287, 4, 225.82, 1249660
1439502715, 0, 1182, 5599, 5591, 2065, 94.35%, 31, 288, 4, 216.32, 1250748
1439502720, 0, 1182, 5601, 5593, 2065, 94.36%, 31, 288, 4, 221.14, 1251868
1439502725, 0, 1182, 5601, 5593, 2065, 94.36%, 31, 289, 4, 218.33, 1252964
1439502730, 0, 1182, 5602, 5594, 2065, 94.36%, 31, 289, 4, 213.46, 1254068
1439502735, 0, 1182, 5603, 5595, 2065, 94.37%, 31, 289, 4, 221.81, 1255188
1439502740, 0, 1182, 5604, 5596, 2065, 94.38%, 31, 289, 4, 222.86, 1256324
1439502745, 0, 1182, 5608, 5600, 2065, 94.46%, 31, 289, 4, 225.35, 1257496
1439502751, 0, 1182, 5609, 5601, 2065, 94.46%, 31, 291, 4, 234.07, 1258712
1439502756, 0, 1182, 5609, 5601, 2065, 94.46%, 31, 292, 4, 243.19, 1259996
1439502761, 0, 1182, 5610, 5602, 2065, 94.46%, 31, 293, 4, 245.92, 1261264
1439502766, 0, 1182, 5611, 5603, 2065, 94.46%, 31, 295, 4, 248.50, 1262544
1439502771, 0, 1182, 5612, 5604, 2065, 94.46%, 31, 295, 4, 247.83, 1263796
1439502776, 0, 1182, 5616, 5608, 2065, 94.48%, 31, 297, 4, 249.61, 1265088
1439502781, 0, 1182, 5619, 5611, 2065, 94.50%, 31, 300, 4, 244.15, 1266304
1439502787, 0, 1182, 5620, 5612, 2065, 94.50%, 31, 301, 4, 246.20, 1267580
1439502792, 0, 1182, 5620, 5612, 2065, 94.50%, 31, 303, 4, 247.40, 1268852
1439502797, 0, 1182, 5622, 5614, 2065, 94.51%, 31, 303, 4, 254.26, 1270145
1439502802, 0, 1182, 5623, 5615, 2065, 94.52%, 31, 304, 4, 253.81, 1271470
1439502812, 0, 1182, 5623, 5615, 2065, 94.52%, 31, 305, 4, 250.61, 1273995
1439502818, 0, 1182, 5629, 5621, 2065, 94.57%, 31, 307, 4, 239.68, 1275236
1439502823, 0, 1182, 5629, 5621, 2065, 94.57%, 31, 308, 4, 237.39, 1276484
1439502828, 0, 1182, 5631, 5623, 2065, 94.58%, 31, 308, 4, 248.70, 1277784
1439502833, 0, 1182, 5631, 5623, 2065, 94.58%, 31, 309, 4, 229.07, 1278944
1439502838, 0, 1182, 5633, 5625, 2065, 94.59%, 31, 312, 4, 185.12, 1279856
1439502843, 0, 1182, 5633, 5625, 2065, 94.59%, 31, 327, 4, 153.38, 1280591
1439502848, 0, 1182, 5633, 5625, 2065, 94.59%, 31, 335, 4, 144.58, 1281294
1439502853, 0, 1182, 5634, 5626, 2065, 94.60%, 31, 338, 4, 185.28, 1282305
1439502859, 0, 1182, 5636, 5628, 2065, 94.60%, 31, 340, 4, 196.55, 1283282
1439502869, 0, 1182, 5637, 5629, 2065, 94.61%, 31, 340, 4, 222.50, 1285516
1439502874, 0, 1182, 5638, 5630, 2065, 94.61%, 31, 341, 4, 222.25, 1286636
1439502884, 0, 1182, 5639, 5631, 2065, 94.65%, 31, 341, 4, 224.25, 1288864
1439502889, 0, 1182, 5641, 5633, 2065, 94.67%, 31, 341, 4, 232.66, 1290084
1439502894, 0, 1182, 5642, 5634, 2065, 94.67%, 31, 341, 4, 226.99, 1291256
1439502899, 0, 1182, 5643, 5635, 2065, 94.67%, 31, 341, 4, 222.64, 1292368
1439502904, 0, 1182, 5645, 5637, 2065, 94.67%, 31, 341, 4, 227.67, 1293512
1439502909, 0, 1182, 5645, 5637, 2065, 94.67%, 31, 342, 4, 224.12, 1294620
1439502914, 0, 1182, 5649, 5641, 2065, 94.69%, 31, 342, 4, 233.79, 1295844
1439502920, 0, 1182, 5649, 5641, 2065, 94.69%, 31, 343, 4, 225.58, 1296964
1439502925, 0, 1182, 5650, 5642, 2065, 94.69%, 31, 344, 4, 221.59, 1298096
1439502930, 0, 1182, 5651, 5643, 2065, 94.69%, 31, 345, 4, 223.76, 1299204
1439502935, 0, 1182, 5652, 5644, 2065, 94.69%, 31, 345, 4, 227.51, 1300356
1439502945, 0, 1182, 5653, 5645, 2065, 94.70%, 31, 346, 4, 234.66, 1302732
1439502950, 0, 1182, 5655, 5647, 2065, 94.70%, 31, 346, 4, 233.11, 1303940
1439502955, 0, 1182, 5656, 5648, 2065, 94.70%, 31, 347, 4, 214.52, 1304992
1439502965, 0, 1182, 5657, 5649, 2065, 94.70%, 31, 347, 4, 215.81, 1307256
1439502976, 0, 1182, 5659, 5651, 2065, 94.72%, 31, 347, 4, 218.49, 1309348
1439502981, 0, 1182, 5659, 5651, 2065, 94.72%, 31, 348, 4, 216.47, 1310452
1439502986, 0, 1182, 5661, 5653, 2065, 94.72%, 31, 348, 4, 216.69, 1311568
1439502996, 0, 1182, 5662, 5654, 2065, 94.72%, 31, 349, 4, 212.33, 1313788
1439503001, 0, 1182, 5662, 5654, 2065, 94.72%, 31, 350, 4, 221.00, 1314932
1439503006, 0, 1182, 5664, 5656, 2065, 94.76%, 31, 350, 4, 228.84, 1316092
1439503011, 0, 1182, 5664, 5656, 2065, 94.76%, 31, 351, 4, 226.51, 1317220
1439503021, 0, 1182, 5665, 5657, 2065, 94.76%, 31, 352, 4, 223.40, 1319484
1439503026, 0, 1182, 5668, 5660, 2065, 94.77%, 31, 352, 4, 226.21, 1320657
1439503031, 0, 1182, 5671, 5663, 2065, 94.78%, 31, 353, 4, 233.45, 1321824
1439503036, 0, 1182, 5672, 5664, 2065, 94.85%, 31, 353, 4, 233.78, 1322992
1439503042, 0, 1182, 5673, 5665, 2065, 94.85%, 31, 353, 4, 232.11, 1324200
1439503047, 0, 1182, 5675, 5667, 2065, 94.85%, 31, 353, 4, 234.26, 1325376
1439503052, 0, 1182, 5678, 5670, 2065, 94.88%, 31, 353, 4, 230.78, 1326542
1439503057, 0, 1182, 5679, 5671, 2065, 94.88%, 31, 353, 4, 234.82, 1327732
1439503067, 0, 1182, 5681, 5673, 2065, 94.88%, 31, 353, 4, 234.09, 1330164
1439503072, 0, 1182, 5682, 5674, 2065, 94.90%, 31, 353, 4, 234.97, 1331336
1439503077, 0, 1182, 5684, 5676, 2065, 94.90%, 31, 353, 4, 228.84, 1332509
1439503083, 0, 1182, 5685, 5677, 2065, 94.92%, 31, 353, 4, 225.74, 1333699
1439503088, 0, 1182, 5688, 5680, 2065, 94.94%, 31, 355, 4, 233.73, 1334915
1439503093, 0, 1182, 5690, 5682, 2065, 94.98%, 31, 355, 4, 236.12, 1336095
1439503098, 0, 1182, 5692, 5684, 2065, 94.98%, 31, 356, 4, 233.66, 1337309
1439503103, 0, 1186, 5694, 5685, 2107, 94.99%, 31, 356, 4, 266.09, 1338652
1439503124, 0, 1186, 5696, 5687, 2107, 94.99%, 31, 356, 4, 342.42, 1345650
1439503139, 0, 1186, 5696, 5687, 2107, 94.99%, 31, 357, 4, 309.37, 1350609
1439503144, 0, 1186, 5696, 5687, 2107, 94.99%, 31, 359, 4, 281.66, 1352056
1439503149, 0, 1186, 5697, 5688, 2107, 94.99%, 31, 359, 4, 247.42, 1353269
1439503169, 0, 1197, 5697, 5687, 2106, 94.99%, 31, 359, 4, 242.97, 1358130
1439503174, 0, 1197, 5709, 5699, 2106, 95.01%, 31, 359, 4, 234.31, 1359286
1439503179, 0, 1197, 5720, 5710, 2106, 95.03%, 31, 359, 4, 270.98, 1360728
1439503185, 0, 1197, 5729, 5719, 2106, 95.05%, 31, 359, 4, 287.02, 1362302
1439503190, 0, 1197, 5738, 5728, 2106, 95.08%, 31, 359, 4, 309.00, 1363797
1439503195, 0, 1197, 5747, 5737, 2106, 95.10%, 31, 359, 4, 333.90, 1365567
1439503200, 0, 1197, 5759, 5749, 2106, 95.12%, 31, 359, 4, 337.88, 1367325
1439503205, 0, 1197, 5776, 5766, 2106, 95.18%, 31, 359, 4, 333.49, 1369057
1439503210, 0, 1197, 5784, 5774, 2106, 95.20%, 31, 359, 4, 340.45, 1370777
1439503215, 0, 1197, 5792, 5782, 2106, 95.23%, 31, 359, 4, 335.95, 1372519
1439503221, 0, 1197, 5801, 5791, 2106, 95.24%, 31, 359, 4, 333.87, 1374222
1439503226, 0, 1197, 5806, 5796, 2106, 95.26%, 31, 360, 4, 309.84, 1375766
1439503231, 0, 1197, 5813, 5803, 2106, 95.27%, 31, 360, 4, 331.68, 1377510
1439503236, 0, 1197, 5819, 5809, 2106, 95.30%, 31, 360, 4, 321.01, 1379113
1439503241, 0, 1197, 5829, 5819, 2106, 95.32%, 31, 360, 4, 338.00, 1380893
1439503246, 0, 1197, 5835, 5825, 2106, 95.33%, 31, 360, 4, 334.86, 1382565
1439503251, 0, 1197, 5838, 5828, 2106, 95.34%, 31, 360, 4, 302.62, 1384071
1439503256, 0, 1197, 5847, 5837, 2106, 95.37%, 31, 363, 4, 302.20, 1385577
1439503261, 0, 1197, 5851, 5841, 2106, 95.38%, 31, 364, 4, 289.93, 1387069
1439503267, 0, 1197, 5854, 5844, 2106, 95.38%, 31, 365, 4, 275.68, 1388504
1439503272, 0, 1197, 5865, 5855, 2106, 95.41%, 31, 365, 4, 284.59, 1389984
1439503277, 0, 1197, 5870, 5860, 2106, 95.42%, 31, 365, 4, 285.10, 1391424
1439503282, 0, 1197, 5876, 5866, 2106, 95.43%, 31, 366, 4, 260.15, 1392789
1439503287, 0, 1197, 5879, 5869, 2106, 95.46%, 31, 369, 4, 273.07, 1394174
1439503292, 0, 1197, 5884, 5874, 2106, 95.47%, 31, 369, 4, 280.91, 1395634
1439503297, 0, 1197, 5887, 5877, 2106, 95.48%, 31, 370, 4, 278.32, 1397034
1439503302, 0, 1197, 5891, 5881, 2106, 95.50%, 31, 370, 4, 291.41, 1398509
1439503308, 0, 1197, 5895, 5885, 2106, 95.51%, 31, 370, 4, 287.17, 1399999
1439503313, 0, 1197, 5900, 5890, 2106, 95.52%, 31, 371, 4, 285.12, 1401474
1439503318, 0, 1197, 5908, 5898, 2106, 95.56%, 31, 371, 4, 290.67, 1402989
1439503323, 0, 1197, 5915, 5905, 2106, 95.57%, 31, 371, 4, 295.19, 1404529
1439503328, 0, 1197, 5924, 5914, 2106, 95.59%, 31, 372, 4, 282.29, 1405924
1439503333, 0, 1197, 5928, 5918, 2106, 95.59%, 31, 374, 4, 288.17, 1407434
1439503339, 0, 1197, 5933, 5923, 2106, 95.61%, 31, 374, 4, 282.49, 1408914
1439503344, 0, 1197, 5940, 5930, 2106, 95.62%, 31, 374, 4, 296.58, 1410394
1439503349, 0, 1197, 5946, 5936, 2106, 95.65%, 31, 374, 4, 300.73, 1411905
1439503354, 0, 1197, 5953, 5943, 2106, 95.66%, 31, 374, 4, 293.58, 1413368
1439503359, 0, 1197, 5956, 5946, 2106, 95.68%, 31, 376, 4, 291.03, 1414814
1439503364, 0, 1197, 5959, 5949, 2106, 95.70%, 31, 378, 4, 295.22, 1416344
1439503369, 0, 1197, 5967, 5957, 2106, 95.72%, 31, 379, 4, 285.14, 1417799
1439503374, 0, 1197, 5973, 5963, 2106, 95.73%, 31, 380, 4, 284.52, 1419288
1439503379, 0, 1197, 5978, 5968, 2106, 95.75%, 31, 380, 4, 289.23, 1420734
1439503384, 0, 1197, 5985, 5975, 2106, 95.77%, 31, 380, 4, 290.10, 1422184
1439503389, 0, 1197, 5988, 5978, 2106, 95.77%, 31, 380, 4, 293.68, 1423704
1439503395, 0, 1197, 5990, 5980, 2106, 95.78%, 31, 381, 4, 278.18, 1425159
1439503400, 0, 1197, 5995, 5985, 2106, 95.79%, 31, 381, 4, 283.83, 1426600
1439503405, 0, 1197, 5999, 5989, 2106, 95.80%, 31, 382, 4, 285.98, 1428100
1439503410, 0, 1197, 6004, 5994, 2106, 95.82%, 31, 383, 4, 284.66, 1429580
1439503415, 0, 1197, 6009, 5999, 2106, 95.83%, 31, 384, 4, 289.25, 1431015
1439503420, 0, 1197, 6015, 6005, 2106, 95.85%, 31, 385, 4, 287.68, 1432440
1439503426, 0, 1197, 6018, 6008, 2106, 95.86%, 31, 387, 4, 252.92, 1433700
1439503431, 0, 1197, 6019, 6009, 2106, 95.86%, 31, 388, 4, 251.98, 1435020
1439503436, 0, 1197, 6021, 6011, 2106, 95.86%, 31, 389, 4, 251.82, 1436325
1439503441, 0, 1197, 6024, 6014, 2106, 95.87%, 31, 391, 4, 247.60, 1437564
1439503446, 0, 1197, 6028, 6018, 2106, 95.87%, 31, 393, 4, 232.92, 1438704
1439503451, 0, 1197, 6032, 6022, 2106, 95.88%, 31, 395, 4, 253.09, 1440031
1439503456, 0, 1197, 6035, 6025, 2106, 95.88%, 31, 397, 4, 250.78, 1441320
1439503461, 0, 1197, 6040, 6030, 2106, 95.89%, 31, 400, 4, 253.00, 1442590
1439503466, 0, 1197, 6043, 6033, 2106, 95.91%, 31, 401, 4, 240.78, 1443780
1439503471, 0, 1197, 6048, 6038, 2106, 95.92%, 31, 402, 4, 247.55, 1445048
1439503476, 0, 1197, 6052, 6042, 2106, 95.92%, 31, 404, 4, 246.54, 1446296
1439503482, 0, 1197, 6055, 6045, 2106, 95.93%, 31, 404, 4, 244.78, 1447536
1439503487, 0, 1197, 6059, 6049, 2106, 95.94%, 31, 405, 4, 261.18, 1448875
1439503492, 0, 1197, 6066, 6056, 2106, 95.94%, 31, 405, 4, 259.33, 1450174
1439503497, 0, 1197, 6071, 6061, 2106, 95.95%, 31, 405, 4, 253.86, 1451465
1439503502, 0, 1197, 6074, 6064, 2106, 95.95%, 31, 406, 4, 261.52, 1452785
1439503507, 0, 1197, 6077, 6067, 2106, 95.96%, 31, 406, 4, 282.26, 1454220
1439503512, 0, 1197, 6082, 6072, 2106, 95.97%, 31, 406, 4, 287.23, 1455730
1439503517, 0, 1197, 6089, 6079, 2106, 95.98%, 31, 407, 4, 278.66, 1457110
1439503522, 0, 1197, 6097, 6087, 2106, 95.99%, 31, 409, 4, 282.84, 1458605
1439503527, 0, 1197, 6100, 6090, 2106, 95.99%, 31, 409, 4, 291.74, 1460060
1439503532, 0, 1197, 6105, 6095, 2106, 96.00%, 31, 409, 4, 281.15, 1461490
1439503537, 0, 1197, 6108, 6098, 2106, 96.01%, 31, 410, 4, 251.19, 1462759
1439503542, 0, 1197, 6110, 6100, 2106, 96.01%, 31, 411, 4, 253.58, 1464080
1439503547, 0, 1197, 6111, 6101, 2106, 96.01%, 31, 412, 4, 253.79, 1465355
1439503552, 0, 1197, 6113, 6103, 2106, 96.01%, 31, 414, 4, 246.24, 1466588
1439503558, 0, 1197, 6116, 6106, 2106, 96.02%, 31, 414, 4, 243.86, 1467848
1439503563, 0, 1197, 6121, 6111, 2106, 96.03%, 31, 414, 4, 254.46, 1469109
1439503568, 0, 1197, 6126, 6116, 2106, 96.04%, 31, 414, 4, 255.90, 1470434
1439503573, 0, 1197, 6134, 6124, 2106, 96.05%, 31, 416, 4, 239.60, 1471608
1439503578, 0, 1197, 6140, 6130, 2106, 96.08%, 31, 416, 4, 267.62, 1472999
1439503583, 0, 1197, 6145, 6135, 2106, 96.09%, 31, 416, 4, 280.30, 1474449
1439503588, 0, 1197, 6150, 6140, 2106, 96.10%, 31, 417, 4, 286.86, 1475865
1439503593, 0, 1197, 6156, 6146, 2106, 96.11%, 31, 418, 4, 265.42, 1477225
1439503598, 0, 1197, 6160, 6150, 2106, 96.12%, 31, 420, 4, 286.48, 1478665
1439503603, 0, 1197, 6164, 6154, 2106, 96.14%, 31, 420, 4, 280.50, 1480075
1439503608, 0, 1197, 6170, 6160, 2106, 96.16%, 31, 420, 4, 281.94, 1481515
1439503613, 0, 1197, 6172, 6162, 2106, 96.16%, 31, 421, 4, 280.71, 1482943
1439503618, 0, 1197, 6177, 6167, 2106, 96.17%, 31, 425, 4, 267.54, 1484278
1439503623, 0, 1197, 6181, 6171, 2106, 96.18%, 31, 425, 4, 284.23, 1485728
1439503629, 0, 1197, 6186, 6176, 2106, 96.19%, 31, 426, 4, 284.90, 1487228
1439503634, 0, 1197, 6192, 6182, 2106, 96.20%, 31, 426, 4, 289.59, 1488743
1439503639, 0, 1197, 6198, 6188, 2106, 96.23%, 31, 426, 4, 299.42, 1490293
1439503644, 0, 1197, 6204, 6194, 2106, 96.26%, 31, 427, 4, 291.31, 1491758
1439503649, 0, 1197, 6208, 6198, 2106, 96.26%, 31, 427, 4, 295.07, 1493283
1439503654, 0, 1197, 6209, 6199, 2106, 96.26%, 31, 429, 4, 297.60, 1494778
1439503659, 0, 1197, 6216, 6206, 2106, 96.28%, 31, 430, 4, 297.12, 1496273
1439503664, 0, 1197, 6219, 6209, 2106, 96.28%, 31, 430, 4, 298.74, 1497783
1439503670, 0, 1197, 6227, 6217, 2106, 96.30%, 31, 431, 4, 298.30, 1499318
1439503675, 0, 1197, 6230, 6220, 2106, 96.30%, 31, 431, 4, 295.78, 1500788
1439503680, 0, 1197, 6237, 6227, 2106, 96.35%, 31, 432, 4, 293.09, 1502288
1439503685, 0, 1197, 6239, 6229, 2106, 96.35%, 31, 432, 4, 294.57, 1503833
1439503690, 0, 1197, 6244, 6234, 2106, 96.36%, 31, 435, 4, 289.94, 1505329
1439503695, 0, 1197, 6247, 6237, 2106, 96.38%, 31, 438, 4, 289.30, 1506809
1439503700, 0, 1197, 6252, 6242, 2106, 96.39%, 31, 440, 4, 283.10, 1508233
1439503705, 0, 1197, 6254, 6244, 2106, 96.40%, 31, 442, 4, 290.41, 1509729
1439503711, 0, 1197, 6258, 6248, 2106, 96.40%, 31, 443, 4, 288.66, 1511189
1439503716, 0, 1197, 6264, 6254, 2106, 96.41%, 31, 444, 4, 297.37, 1512744
1439503721, 0, 1197, 6270, 6260, 2106, 96.42%, 31, 444, 4, 286.47, 1514174
1439503726, 0, 1197, 6271, 6261, 2106, 96.43%, 31, 445, 4, 261.89, 1515559
1439503731, 0, 1197, 6274, 6264, 2106, 96.43%, 31, 447, 4, 286.23, 1517074
1439503736, 0, 1197, 6277, 6267, 2106, 96.44%, 31, 449, 4, 282.78, 1518519
1439503741, 0, 1197, 6279, 6269, 2106, 96.44%, 31, 452, 4, 287.85, 1519939
1439503747, 0, 1197, 6286, 6276, 2106, 96.46%, 31, 456, 4, 21.28, 1521303
1439503752, 0, 1197, 6289, 6279, 2106, 96.46%, 31, 461, 4, 205.26, 1522359
1439503757, 0, 1197, 6294, 6284, 2106, 96.48%, 31, 466, 4, 229.12, 1523557
1439503762, 0, 1197, 6298, 6288, 2106, 96.48%, 31, 469, 4, 192.97, 1524465
1439503767, 0, 1197, 6301, 6291, 2106, 96.55%, 31, 477, 4, 207.13, 1525509
1439503772, 0, 1197, 6303, 6293, 2106, 96.56%, 31, 477, 4, 232.16, 1526721
1439503777, 0, 1197, 6306, 6296, 2106, 96.56%, 31, 478, 4, 234.61, 1527861
1439503782, 0, 1197, 6308, 6298, 2106, 96.56%, 31, 478, 4, 238.51, 1529070
1439503788, 0, 1197, 6310, 6300, 2106, 96.57%, 31, 478, 4, 253.14, 1530409
1439503793, 0, 1197, 6312, 6302, 2106, 96.57%, 31, 478, 4, 249.39, 1531699
1439503798, 0, 1197, 6314, 6304, 2106, 96.58%, 31, 478, 4, 251.26, 1532989
1439503803, 0, 1197, 6319, 6309, 2106, 96.59%, 31, 479, 4, 257.25, 1534339
1439503808, 0, 1197, 6322, 6312, 2106, 96.60%, 31, 480, 4, 264.24, 1535609
1439503813, 0, 1197, 6326, 6316, 2106, 96.60%, 31, 481, 4, 264.32, 1536954
1439503818, 0, 1197, 6329, 6319, 2106, 96.62%, 31, 481, 4, 264.76, 1538259
1439503823, 0, 1197, 6331, 6321, 2106, 96.62%, 31, 481, 4, 253.70, 1539569
1439503828, 0, 1197, 6333, 6323, 2106, 96.62%, 31, 483, 4, 244.45, 1540769
1439503833, 0, 1197, 6334, 6324, 2106, 96.62%, 31, 483, 4, 248.29, 1542037
1439503839, 0, 1197, 6338, 6328, 2106, 96.63%, 31, 484, 4, 246.61, 1543301
1439503844, 0, 1197, 6341, 6331, 2106, 96.63%, 31, 486, 4, 247.30, 1544565
1439503849, 0, 1197, 6342, 6332, 2106, 96.63%, 31, 487, 4, 252.16, 1545854
1439503854, 0, 1197, 6346, 6336, 2106, 96.64%, 31, 487, 4, 270.22, 1547222
1439503859, 0, 1197, 6352, 6342, 2106, 96.65%, 31, 487, 4, 292.32, 1548774
1439503864, 0, 1197, 6353, 6343, 2106, 96.65%, 31, 489, 4, 290.00, 1550289
1439503870, 0, 1197, 6356, 6346, 2106, 96.66%, 31, 490, 4, 292.38, 1551789
1439503875, 0, 1197, 6359, 6349, 2106, 96.66%, 31, 490, 4, 295.78, 1553321
1439503880, 0, 1197, 6362, 6352, 2106, 96.67%, 31, 490, 4, 286.58, 1554788
1439503885, 0, 1197, 6365, 6355, 2106, 96.68%, 31, 490, 4, 293.85, 1556279
1439503890, 0, 1197, 6368, 6358, 2106, 96.68%, 31, 492, 4, 287.00, 1557714
1439503895, 0, 1197, 6373, 6363, 2106, 96.69%, 31, 492, 4, 288.46, 1559214
1439503900, 0, 1197, 6378, 6368, 2106, 96.69%, 31, 494, 4, 288.10, 1560664
1439503905, 0, 1197, 6380, 6370, 2106, 96.70%, 31, 494, 4, 288.47, 1562094
1439503910, 0, 1197, 6383, 6373, 2106, 96.70%, 31, 496, 4, 287.24, 1563529
1439503915, 0, 1201, 6384, 6373, 2342, 96.70%, 31, 497, 4, 306.37, 1565105
1439503920, 0, 1201, 6385, 6374, 2342, 96.70%, 31, 498, 4, 330.29, 1566770
1439503941, 0, 1201, 6387, 6376, 2342, 96.70%, 31, 498, 4, 340.49, 1573884
1439503951, 0, 1201, 6388, 6377, 2342, 96.70%, 31, 499, 4, 326.13, 1577211
1439503972, 0, 1202, 6392, 6380, 2343, 96.72%, 31, 500, 4, 279.32, 1583656
1439503977, 0, 1202, 6409, 6397, 2343, 96.76%, 31, 500, 4, 195.05, 1584561
1439503982, 0, 1202, 6425, 6413, 2343, 96.85%, 31, 500, 4, 187.31, 1585508
1439503987, 0, 1202, 6442, 6430, 2343, 96.88%, 31, 500, 4, 184.06, 1586405
1439503992, 0, 1202, 6460, 6448, 2343, 96.93%, 31, 500, 4, 189.08, 1587394
1439503997, 0, 1202, 6477, 6465, 2343, 96.98%, 31, 500, 4, 188.12, 1588360
1439504002, 0, 1202, 6494, 6482, 2343, 97.02%, 31, 500, 4, 188.15, 1589302
1439504008, 0, 1202, 6513, 6501, 2343, 97.08%, 31, 500, 4, 190.09, 1590286
1439504013, 0, 1202, 6528, 6516, 2343, 97.12%, 31, 500, 4, 189.54, 1591269
1439504018, 0, 1202, 6542, 6530, 2343, 97.16%, 31, 500, 4, 179.24, 1592136
1439504023, 0, 1202, 6558, 6546, 2343, 97.19%, 31, 500, 4, 186.90, 1593110
1439504028, 0, 1202, 6572, 6560, 2343, 97.21%, 31, 500, 4, 197.60, 1594141
1439504034, 0, 1202, 6584, 6572, 2343, 97.23%, 31, 500, 4, 192.37, 1595130
1439504039, 0, 1202, 6600, 6588, 2343, 97.25%, 31, 500, 4, 193.24, 1596110
1439504044, 0, 1202, 6614, 6602, 2343, 97.27%, 31, 500, 4, 190.64, 1597092
1439504049, 0, 1202, 6628, 6616, 2343, 97.29%, 31, 500, 4, 184.83, 1598006
1439504054, 0, 1202, 6641, 6629, 2343, 97.31%, 31, 500, 4, 183.19, 1598908
1439504059, 0, 1202, 6655, 6643, 2343, 97.34%, 31, 500, 4, 186.75, 1599868
1439504064, 0, 1202, 6671, 6659, 2343, 97.37%, 31, 500, 4, 184.46, 1600819
1439504069, 0, 1202, 6686, 6674, 2343, 97.39%, 31, 500, 4, 175.41, 1601716
1439504075, 0, 1202, 6698, 6686, 2343, 97.41%, 31, 500, 4, 172.14, 1602609
1439504080, 0, 1202, 6713, 6701, 2343, 97.44%, 31, 500, 4, 183.37, 1603531
1439504085, 0, 1202, 6729, 6717, 2343, 97.47%, 31, 500, 4, 188.86, 1604507
1439504090, 0, 1202, 6746, 6734, 2343, 97.50%, 31, 500, 4, 189.20, 1605487
1439504095, 0, 1202, 6761, 6749, 2343, 97.52%, 31, 500, 4, 167.02, 1606344
1439504100, 0, 1202, 6776, 6764, 2343, 97.55%, 31, 500, 4, 181.73, 1607265
1439504105, 0, 1202, 6790, 6778, 2343, 97.56%, 31, 500, 4, 179.09, 1608150
1439504110, 0, 1202, 6805, 6793, 2343, 97.60%, 31, 500, 4, 186.75, 1609126
1439504115, 0, 1202, 6821, 6809, 2343, 97.64%, 31, 500, 4, 187.54, 1610101
1439504121, 0, 1202, 6836, 6824, 2343, 97.67%, 31, 500, 4, 190.03, 1611086
1439504126, 0, 1202, 6852, 6840, 2343, 97.71%, 31, 500, 4, 187.39, 1612052
1439504131, 0, 1202, 6865, 6853, 2343, 97.72%, 31, 500, 4, 181.92, 1612956
1439504136, 0, 1202, 6879, 6867, 2343, 97.75%, 31, 500, 4, 176.68, 1613823
1439504141, 0, 1202, 6889, 6877, 2343, 97.76%, 31, 500, 4, 188.20, 1614811
1439504146, 0, 1202, 6903, 6891, 2343, 97.78%, 31, 500, 4, 188.40, 1615791
1439504151, 0, 1202, 6914, 6902, 2343, 97.80%, 31, 500, 4, 188.14, 1616775
1439504157, 0, 1202, 6929, 6917, 2343, 97.81%, 31, 500, 4, 183.78, 1617734
1439504162, 0, 1202, 6943, 6931, 2343, 97.83%, 31, 500, 4, 181.16, 1618673
1439504167, 0, 1202, 6959, 6947, 2343, 97.86%, 31, 500, 4, 179.49, 1619569
1439504172, 0, 1202, 6973, 6961, 2343, 97.90%, 31, 500, 4, 176.73, 1620450
1439504177, 0, 1202, 6989, 6977, 2343, 97.92%, 31, 500, 4, 177.91, 1621344
1439504182, 0, 1202, 7000, 6988, 2343, 97.95%, 31, 500, 4, 183.20, 1622183
1439504187, 0, 1202, 7014, 7002, 2343, 97.98%, 31, 500, 4, 186.37, 1623149
1439504193, 0, 1202, 7025, 7013, 2343, 98.00%, 31, 500, 4, 190.59, 1624125
1439504198, 0, 1202, 7037, 7025, 2343, 98.02%, 31, 500, 4, 186.12, 1625097
1439504203, 0, 1202, 7050, 7038, 2343, 98.03%, 31, 500, 4, 187.15, 1626067
1439504208, 0, 1202, 7060, 7048, 2343, 98.05%, 31, 500, 4, 188.76, 1627048
1439504213, 0, 1202, 7073, 7061, 2343, 98.07%, 31, 500, 4, 184.43, 1628006
1439504218, 0, 1202, 7086, 7074, 2343, 98.08%, 31, 500, 4, 182.32, 1628914
1439504224, 0, 1202, 7100, 7088, 2343, 98.11%, 31, 500, 4, 180.89, 1629856
1439504229, 0, 1202, 7113, 7101, 2343, 98.15%, 31, 500, 4, 180.24, 1630778
1439504234, 0, 1202, 7127, 7115, 2343, 98.17%, 31, 500, 4, 187.02, 1631709
1439504239, 0, 1202, 7142, 7130, 2343, 98.21%, 31, 500, 4, 175.27, 1632625
1439504244, 0, 1202, 7154, 7142, 2343, 98.23%, 31, 500, 4, 159.13, 1633329
1439504249, 0, 1202, 7169, 7157, 2343, 98.26%, 31, 500, 4, 178.73, 1634252
1439504254, 0, 1202, 7180, 7168, 2343, 98.27%, 31, 500, 4, 196.79, 1635230
1439504259, 0, 1202, 7187, 7175, 2343, 98.28%, 31, 500, 4, 213.75, 1636325
1439504264, 0, 1202, 7194, 7182, 2343, 98.30%, 31, 500, 4, 230.22, 1637533
1439504270, 0, 1202, 7208, 7196, 2343, 98.33%, 31, 500, 4, 218.39, 1638653
1439504275, 0, 1202, 7217, 7205, 2343, 98.34%, 31, 500, 4, 224.23, 1639837
1439504280, 0, 1202, 7226, 7214, 2343, 98.37%, 31, 500, 4, 230.50, 1641041
1439504285, 0, 1202, 7235, 7223, 2343, 98.38%, 31, 500, 4, 228.66, 1642213
1439504290, 0, 1202, 7245, 7233, 2343, 98.39%, 31, 500, 4, 216.73, 1643277
1439504295, 0, 1202, 7254, 7242, 2343, 98.41%, 31, 500, 4, 218.41, 1644369
1439504300, 0, 1202, 7263, 7251, 2343, 98.42%, 31, 500, 4, 226.60, 1645429
1439504306, 0, 1202, 7274, 7262, 2343, 98.44%, 31, 500, 4, 224.86, 1646619
1439504311, 0, 1202, 7281, 7269, 2343, 98.46%, 31, 500, 4, 223.98, 1647743
1439504316, 0, 1202, 7287, 7275, 2343, 98.47%, 31, 500, 4, 207.05, 1648799
1439504321, 0, 1202, 7294, 7282, 2343, 98.48%, 31, 500, 4, 222.24, 1649939
1439504326, 0, 1202, 7301, 7289, 2343, 98.50%, 31, 500, 4, 227.27, 1651109
1439504331, 0, 1202, 7311, 7299, 2343, 98.51%, 31, 500, 4, 218.21, 1652185
1439504336, 0, 1202, 7321, 7309, 2343, 98.52%, 31, 500, 4, 213.67, 1653232
1439504341, 0, 1202, 7325, 7313, 2343, 98.52%, 31, 500, 4, 217.83, 1654312
1439504346, 0, 1202, 7332, 7320, 2343, 98.52%, 31, 500, 4, 213.13, 1655388
1439504351, 0, 1202, 7337, 7325, 2343, 98.53%, 31, 500, 4, 229.43, 1656520
1439504356, 0, 1202, 7344, 7332, 2343, 98.55%, 31, 500, 4, 216.60, 1657592
1439504361, 0, 1202, 7349, 7337, 2343, 98.55%, 31, 500, 4, 221.37, 1658710
1439504367, 0, 1202, 7356, 7344, 2343, 98.57%, 31, 500, 4, 165.31, 1659812
1439504372, 0, 1202, 7361, 7349, 2343, 98.58%, 31, 500, 4, 218.21, 1660970
1439504377, 0, 1202, 7366, 7354, 2343, 98.58%, 31, 500, 4, 210.58, 1661870
1439504382, 0, 1202, 7372, 7360, 2343, 98.59%, 31, 500, 4, 215.64, 1662957
1439504387, 0, 1202, 7377, 7365, 2343, 98.60%, 31, 500, 4, 222.61, 1664109
1439504392, 0, 1202, 7382, 7370, 2343, 98.61%, 31, 500, 4, 225.94, 1665241
1439504397, 0, 1202, 7387, 7375, 2343, 98.62%, 31, 500, 4, 216.07, 1666297
1439504402, 0, 1202, 7394, 7382, 2343, 98.63%, 31, 500, 4, 239.50, 1667329
1439504407, 0, 1202, 7405, 7393, 2343, 98.68%, 31, 500, 4, 226.86, 1668469
1439504412, 0, 1202, 7410, 7398, 2343, 98.69%, 31, 500, 4, 230.89, 1669629
1439504417, 0, 1202, 7417, 7405, 2343, 98.70%, 31, 500, 4, 218.60, 1670733
1439504423, 0, 1202, 7423, 7411, 2343, 98.70%, 31, 500, 4, 230.58, 1671929
1439504428, 0, 1202, 7428, 7416, 2343, 98.70%, 31, 500, 4, 226.30, 1673041
1439504433, 0, 1202, 7435, 7423, 2343, 98.71%, 31, 500, 4, 217.53, 1674115
1439504438, 0, 1202, 7440, 7428, 2343, 98.72%, 31, 500, 4, 235.92, 1675337
1439504443, 0, 1202, 7447, 7435, 2343, 98.72%, 31, 500, 4, 243.44, 1676599
1439504448, 0, 1202, 7453, 7441, 2343, 98.74%, 31, 500, 4, 237.17, 1677829
1439504453, 0, 1202, 7459, 7447, 2343, 98.74%, 31, 500, 4, 223.32, 1678913
1439504459, 0, 1202, 7466, 7454, 2343, 98.76%, 31, 500, 4, 215.98, 1679995
1439504464, 0, 1202, 7470, 7458, 2343, 98.76%, 31, 500, 4, 227.25, 1681195
1439504469, 0, 1202, 7476, 7464, 2343, 98.77%, 31, 500, 4, 232.25, 1682411
1439504474, 0, 1202, 7482, 7470, 2343, 98.77%, 31, 500, 4, 238.73, 1683595
1439504479, 0, 1202, 7490, 7478, 2343, 98.78%, 31, 500, 4, 225.77, 1684724
1439504484, 0, 1202, 7494, 7482, 2343, 98.78%, 31, 500, 4, 234.56, 1685943
1439504489, 0, 1202, 7502, 7490, 2343, 98.81%, 31, 500, 4, 231.91, 1687135
1439504495, 0, 1202, 7509, 7497, 2343, 98.82%, 31, 500, 4, 225.07, 1688311
1439504500, 0, 1202, 7515, 7503, 2343, 98.82%, 31, 500, 4, 214.15, 1689411
1439504505, 0, 1202, 7523, 7511, 2343, 98.83%, 31, 500, 4, 211.83, 1690485
1439504510, 0, 1202, 7531, 7519, 2343, 98.85%, 31, 500, 4, 219.33, 1691589
1439504515, 0, 1202, 7542, 7530, 2343, 98.86%, 31, 500, 4, 225.86, 1692774
1439504520, 0, 1202, 7550, 7538, 2343, 98.88%, 31, 500, 4, 224.91, 1693954
1439504525, 0, 1202, 7553, 7541, 2343, 98.88%, 31, 500, 4, 235.05, 1695166
1439504530, 0, 1202, 7558, 7546, 2343, 98.89%, 31, 500, 4, 217.19, 1696227
1439504535, 0, 1202, 7564, 7552, 2343, 98.90%, 31, 500, 4, 218.43, 1697316
1439504541, 0, 1202, 7573, 7561, 2343, 98.94%, 31, 500, 4, 214.64, 1698391
1439504546, 0, 1202, 7580, 7568, 2343, 98.95%, 31, 500, 4, 222.29, 1699547
1439504551, 0, 1202, 7587, 7575, 2343, 98.96%, 31, 500, 4, 223.77, 1700667
1439504556, 0, 1202, 7595, 7583, 2343, 98.98%, 31, 500, 4, 187.15, 1701674
1439504561, 0, 1202, 7603, 7591, 2343, 98.99%, 31, 500, 4, 211.28, 1702802
1439504566, 0, 1202, 7606, 7594, 2343, 99.00%, 31, 500, 4, 217.21, 1703926
1439504571, 0, 1202, 7612, 7600, 2343, 99.01%, 31, 500, 4, 213.32, 1704954
1439504576, 0, 1202, 7617, 7605, 2343, 99.02%, 31, 500, 4, 217.14, 1706042
1439504581, 0, 1202, 7626, 7614, 2343, 99.04%, 31, 500, 4, 217.16, 1707143
1439504587, 0, 1202, 7634, 7622, 2343, 99.05%, 31, 500, 4, 219.35, 1708266
1439504592, 0, 1202, 7646, 7634, 2343, 99.06%, 31, 500, 4, 215.38, 1709346
1439504597, 0, 1202, 7650, 7638, 2343, 99.07%, 31, 500, 4, 231.63, 1710514
1439504602, 0, 1202, 7656, 7644, 2343, 99.07%, 31, 500, 4, 216.77, 1711594
1439504607, 0, 1202, 7664, 7652, 2343, 99.08%, 31, 500, 4, 222.62, 1712721
1439504612, 0, 1202, 7669, 7657, 2343, 99.08%, 31, 500, 4, 222.04, 1713741
1439504617, 0, 1202, 7676, 7664, 2343, 99.09%, 31, 500, 4, 218.80, 1714822
1439504622, 0, 1202, 7683, 7671, 2343, 99.09%, 31, 500, 4, 254.88, 1715892
1439504627, 0, 1202, 7688, 7676, 2343, 99.10%, 31, 500, 4, 229.79, 1717050
1439504633, 0, 1202, 7695, 7683, 2343, 99.10%, 31, 500, 4, 228.91, 1718219
1439504638, 0, 1202, 7703, 7691, 2343, 99.10%, 31, 500, 4, 214.99, 1719277
1439504643, 0, 1202, 7710, 7698, 2343, 99.11%, 31, 500, 4, 192.95, 1720261
1439504648, 0, 1202, 7713, 7701, 2343, 99.12%, 31, 500, 4, 143.31, 1720959
1439504653, 0, 1202, 7717, 7705, 2343, 99.12%, 31, 500, 4, 172.82, 1721775
1439504658, 0, 1202, 7720, 7708, 2343, 99.13%, 31, 500, 4, 191.53, 1722736
1439504664, 0, 1202, 7725, 7713, 2343, 99.13%, 31, 500, 4, 212.69, 1723825
1439504669, 0, 1202, 7729, 7717, 2343, 99.14%, 31, 500, 4, 174.94, 1724712
1439504674, 0, 1202, 7733, 7721, 2343, 99.15%, 31, 500, 4, 212.73, 1725693
1439504679, 0, 1202, 7735, 7723, 2343, 99.15%, 31, 500, 4, 162.11, 1726518
1439504684, 0, 1202, 7738, 7726, 2343, 99.15%, 31, 500, 4, 180.19, 1727442
1439504689, 0, 1202, 7744, 7732, 2343, 99.15%, 31, 500, 4, 208.39, 1728517
1439504694, 0, 1202, 7752, 7740, 2343, 99.17%, 31, 500, 4, 220.20, 1729670
1439504699, 0, 1202, 7758, 7746, 2343, 99.17%, 31, 500, 4, 218.76, 1730801
1439504704, 0, 1202, 7763, 7751, 2343, 99.17%, 31, 500, 4, 215.46, 1731889
1439504710, 0, 1202, 7768, 7756, 2343, 99.18%, 31, 500, 4, 219.06, 1733021
1439504715, 0, 1202, 7772, 7760, 2343, 99.19%, 31, 500, 4, 218.61, 1734128
1439504720, 0, 1202, 7777, 7765, 2343, 99.19%, 31, 500, 4, 227.02, 1735295
1439504725, 0, 1202, 7781, 7769, 2343, 99.19%, 31, 500, 4, 226.53, 1736447
1439504730, 0, 1202, 7784, 7772, 2343, 99.19%, 31, 500, 4, 227.34, 1737643
1439504735, 0, 1202, 7788, 7776, 2343, 99.19%, 31, 500, 4, 222.85, 1738763
1439504740, 0, 1202, 7789, 7777, 2343, 99.19%, 31, 500, 4, 202.32, 1739726
1439504745, 0, 1202, 7798, 7786, 2343, 99.20%, 31, 500, 4, 210.92, 1740774
1439504750, 0, 1202, 7803, 7791, 2343, 99.20%, 31, 500, 4, 217.55, 1741866
1439504756, 0, 1202, 7810, 7798, 2343, 99.21%, 31, 500, 4, 217.89, 1742998
1439504761, 0, 1202, 7816, 7804, 2343, 99.22%, 31, 500, 4, 208.81, 1744018
1439504766, 0, 1202, 7817, 7805, 2343, 99.22%, 31, 500, 4, 218.23, 1745139
1439504771, 0, 1202, 7819, 7807, 2343, 99.22%, 31, 500, 4, 203.82, 1746159
1439504776, 0, 1202, 7823, 7811, 2343, 99.22%, 31, 500, 4, 215.97, 1747259
1439504781, 0, 1202, 7825, 7813, 2343, 99.22%, 31, 500, 4, 216.55, 1748406
1439504786, 0, 1202, 7830, 7818, 2343, 99.23%, 31, 500, 4, 209.00, 1749466
1439504791, 0, 1216, 7834, 7821, 3067, 99.23%, 31, 500, 4, 266.08, 1750799
1439504796, 0, 1216, 7835, 7822, 3067, 99.23%, 31, 500, 4, 302.48, 1752343
1439504801, 0, 1216, 7838, 7825, 3067, 99.23%, 31, 500, 4, 312.06, 1753922
1439504811, 0, 1216, 7843, 7830, 3067, 99.23%, 31, 500, 4, 273.62, 1756782
1439504816, 0, 1216, 7845, 7832, 3067, 99.23%, 31, 500, 4, 256.67, 1758027
1439504821, 0, 1216, 7847, 7834, 3067, 99.23%, 31, 500, 4, 248.43, 1759254
1439504827, 0, 1216, 7850, 7837, 3067, 99.24%, 31, 500, 4, 250.28, 1760528
1439504832, 0, 1216, 7851, 7838, 3067, 99.24%, 31, 500, 4, 269.50, 1761884
1439504837, 0, 1216, 7853, 7840, 3067, 99.24%, 31, 500, 4, 275.37, 1763273
1439504842, 0, 1216, 7854, 7841, 3067, 99.24%, 32, 500, 4, 271.95, 1764679
1439504852, 0, 1216, 7855, 7842, 3067, 99.24%, 32, 500, 4, 272.49, 1767464
1439504862, 0, 1216, 7857, 7844, 3067, 99.25%, 32, 500, 4, 275.34, 1770239
1439504872, 0, 1216, 7858, 7845, 3067, 99.25%, 32, 500, 4, 273.63, 1773024
1439504883, 0, 1216, 7858, 7845, 3067, 99.25%, 33, 500, 4, 272.73, 1775854
1439504893, 0, 1216, 7860, 7847, 3067, 99.25%, 33, 500, 4, 307.54, 1778970
1439504928, 0, 1216, 7861, 7848, 3067, 99.25%, 33, 500, 4, 241.42, 1789404
1439504934, 0, 1216, 7862, 7849, 3067, 99.25%, 34, 500, 4, 230.24, 1790580
1439504949, 0, 1216, 7863, 7850, 3067, 99.25%, 34, 500, 4, 236.55, 1794308
1439504954, 0, 1216, 7865, 7852, 3067, 99.25%, 34, 500, 4, 227.53, 1795436
1439504959, 0, 1216, 7866, 7853, 3067, 99.25%, 34, 500, 4, 231.91, 1796556
1439504969, 0, 1216, 7867, 7854, 3067, 99.26%, 34, 500, 4, 243.94, 1798824
1439504974, 0, 1216, 7868, 7855, 3067, 99.26%, 34, 500, 4, 218.83, 1799952
1439504979, 0, 1216, 7869, 7856, 3067, 99.26%, 34, 500, 4, 245.06, 1801216
1439504984, 0, 1216, 7870, 7857, 3067, 99.26%, 34, 500, 4, 236.46, 1802416
1439504989, 0, 1216, 7871, 7858, 3067, 99.26%, 34, 500, 4, 251.82, 1803669
1439504994, 0, 1216, 7873, 7860, 3067, 99.26%, 34, 500, 4, 253.55, 1804939
1439505010, 0, 1216, 7873, 7860, 3067, 99.26%, 35, 500, 4, 247.60, 1808660
1439505015, 0, 1216, 7874, 7861, 3067, 99.27%, 35, 500, 4, 262.47, 1809979
1439505020, 0, 1216, 7875, 7862, 3067, 99.27%, 35, 500, 4, 243.10, 1811152
1439505025, 0, 1216, 7876, 7863, 3067, 99.27%, 35, 500, 4, 222.04, 1812244
1439505035, 0, 1216, 7877, 7864, 3067, 99.27%, 35, 500, 4, 223.59, 1814460
1439505040, 0, 1216, 7878, 7865, 3067, 99.28%, 35, 500, 4, 232.71, 1815680
1439505045, 0, 1216, 7879, 7866, 3067, 99.28%, 35, 500, 4, 254.77, 1817034
1439505061, 0, 1216, 7881, 7868, 3067, 99.28%, 35, 500, 4, 258.16, 1821100
1439505066, 0, 1216, 7882, 7869, 3067, 99.28%, 35, 500, 4, 246.13, 1822340
1439505071, 0, 1216, 7884, 7871, 3067, 99.28%, 35, 500, 4, 242.47, 1823568
1439505076, 0, 1216, 7885, 7872, 3067, 99.28%, 35, 500, 4, 221.32, 1824644
1439505081, 0, 1216, 7886, 7873, 3067, 99.28%, 35, 500, 4, 233.69, 1825904
1439505091, 0, 1216, 7887, 7874, 3067, 99.28%, 35, 500, 4, 225.58, 1828156
1439505096, 0, 1216, 7888, 7875, 3067, 99.29%, 35, 500, 4, 227.31, 1829332
1439505101, 0, 1216, 7889, 7876, 3067, 99.29%, 35, 500, 4, 243.87, 1830564
1439505112, 0, 1216, 7890, 7877, 3067, 99.29%, 35, 500, 4, 232.54, 1832996
1439505117, 0, 1216, 7892, 7879, 3067, 99.30%, 35, 500, 4, 258.18, 1834354
1439505122, 0, 1216, 7893, 7880, 3067, 99.31%, 35, 500, 4, 261.46, 1835634
1439505127, 0, 1216, 7894, 7881, 3067, 99.31%, 35, 500, 4, 286.47, 1837124
1439505132, 0, 1216, 7895, 7882, 3067, 99.31%, 35, 500, 4, 265.40, 1838484
1439505142, 0, 1216, 7896, 7883, 3067, 99.31%, 35, 500, 4, 276.71, 1841209
1439505147, 0, 1216, 7897, 7884, 3067, 99.33%, 35, 500, 4, 269.87, 1842519
1439505152, 0, 1216, 7898, 7885, 3067, 99.33%, 35, 500, 4, 274.89, 1843909
1439505168, 0, 1216, 7900, 7887, 3067, 99.33%, 35, 500, 4, 318.26, 1848634
1439505183, 0, 1216, 7902, 7889, 3067, 99.33%, 35, 500, 4, 318.21, 1853496
1439505188, 0, 1216, 7904, 7891, 3067, 99.33%, 35, 500, 4, 318.64, 1855154
1439505209, 0, 1216, 7905, 7892, 3067, 99.33%, 35, 500, 4, 318.04, 1861620
1439505219, 0, 1216, 7906, 7893, 3067, 99.33%, 35, 500, 4, 320.53, 1864918
1439505239, 0, 1216, 7907, 7894, 3067, 99.35%, 35, 500, 4, 245.28, 1870396
1439505255, 0, 1216, 7908, 7895, 3067, 99.35%, 35, 500, 4, 269.64, 1874429
1439505275, 0, 1216, 7909, 7896, 3067, 99.35%, 35, 500, 4, 202.67, 1878904
1439505290, 0, 1216, 7910, 7897, 3067, 99.35%, 35, 500, 4, 267.57, 1882874
1439505310, 0, 1216, 7911, 7898, 3067, 99.37%, 35, 500, 4, 237.33, 1887672
1439505316, 0, 1216, 7912, 7899, 3067, 99.37%, 35, 500, 4, 219.85, 1888828
1439505336, 0, 1216, 7913, 7900, 3067, 99.37%, 35, 500, 4, 220.84, 1893596
1439505356, 0, 1216, 7914, 7901, 3067, 99.37%, 35, 500, 4, 274.74, 1898679
1439505361, 0, 1216, 7915, 7902, 3067, 99.38%, 35, 500, 4, 269.18, 1900079
1439505386, 0, 1216, 7916, 7903, 3067, 99.38%, 35, 500, 4, 217.78, 1905804
1439505397, 0, 1216, 7917, 7904, 3067, 99.38%, 35, 500, 4, 226.63, 1908124
1439505407, 0, 1216, 7918, 7905, 3067, 99.38%, 35, 500, 4, 216.88, 1910396
1439505412, 0, 1216, 7919, 7906, 3067, 99.38%, 35, 500, 4, 241.51, 1911660
1439505427, 0, 1216, 7920, 7907, 3067, 99.38%, 35, 500, 4, 244.74, 1915400
1439505438, 0, 1218, 7922, 7908, 3060, 99.38%, 35, 500, 4, 263.38, 1917960
1439505458, 0, 1218, 7923, 7909, 3060, 99.38%, 35, 500, 4, 334.39, 1925188
1439505463, 0, 1218, 7924, 7910, 3060, 99.38%, 35, 500, 4, 319.81, 1926776
1439505479, 0, 1218, 7925, 7911, 3060, 99.38%, 35, 500, 4, 315.90, 1931718
1439505484, 0, 1218, 7928, 7914, 3060, 99.38%, 35, 500, 4, 306.68, 1933326
1439505489, 0, 1218, 7928, 7914, 3060, 99.38%, 36, 500, 4, 308.16, 1934886
1439505652, 0, 1218, 7928, 7914, 3060, 99.38%, 37, 500, 4, 249.75, 1977717
1439505667, 0, 1218, 7929, 7915, 3060, 99.38%, 37, 500, 4, 296.87, 1981997
1439505708, 0, 1218, 7930, 7916, 3060, 99.38%, 37, 500, 4, 246.64, 1992674
1439505713, 0, 1218, 7931, 7917, 3060, 99.38%, 37, 500, 4, 258.59, 1994027
1439505817, 0, 1218, 7931, 7917, 3060, 99.38%, 38, 500, 4, 320.84, 2025558
1439505832, 0, 1218, 7931, 7917, 3060, 99.38%, 39, 500, 4, 253.56, 2029847
1439505959, 0, 1218, 7932, 7918, 3060, 99.38%, 39, 500, 4, 265.40, 2062727
1439506041, 0, 1220, 7939, 7924, 3061, 99.38%, 39, 500, 4, 275.03, 2084985
1439506046, 0, 1220, 7951, 7936, 3061, 99.40%, 39, 500, 4, 285.66, 2086413
1439506051, 0, 1220, 7961, 7946, 3061, 99.41%, 39, 500, 4, 302.02, 2087994
1439506056, 0, 1220, 7971, 7956, 3061, 99.42%, 39, 500, 4, 295.60, 2089504
1439506061, 0, 1220, 7986, 7971, 3061, 99.45%, 39, 500, 4, 306.10, 2091114
1439506066, 0, 1220, 7999, 7984, 3061, 99.45%, 39, 500, 4, 310.59, 2092672
1439506071, 0, 1220, 8016, 8001, 3061, 99.46%, 39, 500, 4, 309.55, 2094276
1439506077, 0, 1220, 8030, 8015, 3061, 99.48%, 39, 500, 4, 310.30, 2095841
1439506082, 0, 1220, 8040, 8025, 3061, 99.49%, 39, 500, 4, 304.97, 2097377
1439506087, 0, 1220, 8058, 8043, 3061, 99.50%, 39, 500, 4, 300.67, 2098903
1439506092, 0, 1220, 8072, 8057, 3061, 99.53%, 39, 500, 4, 304.82, 2100466
1439506097, 0, 1220, 8085, 8070, 3061, 99.54%, 39, 500, 4, 307.33, 2102036
1439506102, 0, 1220, 8098, 8083, 3061, 99.56%, 39, 500, 4, 307.05, 2103576
1439506107, 0, 1220, 8105, 8090, 3061, 99.56%, 39, 500, 4, 288.17, 2105010
1439506112, 0, 1220, 8119, 8104, 3061, 99.56%, 39, 500, 4, 306.04, 2106624
1439506117, 0, 1220, 8131, 8116, 3061, 99.57%, 39, 500, 4, 306.29, 2108166
1439506122, 0, 1220, 8140, 8125, 3061, 99.57%, 39, 500, 4, 296.74, 2109670
1439506127, 0, 1220, 8142, 8127, 3061, 99.57%, 39, 500, 4, 282.29, 2111060
1439506132, 0, 1220, 8149, 8134, 3061, 99.57%, 39, 500, 4, 284.04, 2112541
1439506138, 0, 1220, 8153, 8138, 3061, 99.57%, 39, 500, 4, 281.23, 2113965
1439506143, 0, 1220, 8158, 8143, 3061, 99.57%, 39, 500, 4, 281.45, 2115375
1439506148, 0, 1220, 8163, 8148, 3061, 99.57%, 39, 500, 4, 275.12, 2116770
1439506153, 0, 1220, 8164, 8149, 3061, 99.57%, 39, 500, 4, 279.25, 2118180
1439506158, 0, 1220, 8168, 8153, 3061, 99.58%, 39, 500, 4, 277.73, 2119605
1439506163, 0, 1220, 8171, 8156, 3061, 99.58%, 39, 500, 4, 277.67, 2120990
1439506168, 0, 1220, 8175, 8160, 3061, 99.58%, 39, 500, 4, 276.40, 2122402
1439506173, 0, 1220, 8178, 8163, 3061, 99.58%, 39, 500, 4, 277.51, 2123797
1439506178, 0, 1220, 8179, 8164, 3061, 99.58%, 39, 500, 4, 274.12, 2125177
1439506183, 0, 1220, 8181, 8166, 3061, 99.58%, 39, 500, 4, 279.97, 2126647
1439506188, 0, 1220, 8187, 8172, 3061, 99.59%, 39, 500, 4, 276.00, 2128022
1439506193, 0, 1220, 8191, 8176, 3061, 99.59%, 39, 500, 4, 279.38, 2129430
1439506199, 0, 1220, 8201, 8186, 3061, 99.59%, 39, 500, 4, 279.71, 2130884
1439506204, 0, 1220, 8210, 8195, 3061, 99.60%, 39, 500, 4, 282.27, 2132349
1439506209, 0, 1220, 8214, 8199, 3061, 99.60%, 39, 500, 4, 278.97, 2133749
1439506214, 0, 1220, 8216, 8201, 3061, 99.60%, 39, 500, 4, 278.83, 2135139
1439506219, 0, 1220, 8219, 8204, 3061, 99.60%, 39, 500, 4, 280.93, 2136564
1439506224, 0, 1220, 8220, 8205, 3061, 99.60%, 39, 500, 4, 275.83, 2137939
1439506229, 0, 1220, 8222, 8207, 3061, 99.60%, 39, 500, 4, 277.07, 2139309
1439506234, 0, 1220, 8226, 8211, 3061, 99.60%, 39, 500, 4, 283.69, 2140799
1439506239, 0, 1220, 8229, 8214, 3061, 99.60%, 39, 500, 4, 282.62, 2142264
1439506244, 0, 1220, 8232, 8217, 3061, 99.61%, 39, 500, 4, 282.89, 2143684
1439506249, 0, 1220, 8235, 8220, 3061, 99.62%, 39, 500, 4, 283.41, 2145149
1439506255, 0, 1220, 8238, 8223, 3061, 99.62%, 39, 500, 4, 275.51, 2146534
1439506260, 0, 1220, 8240, 8225, 3061, 99.62%, 39, 500, 4, 278.47, 2147939
1439506265, 0, 1220, 8243, 8228, 3061, 99.62%, 39, 500, 4, 282.07, 2149404
1439506270, 0, 1220, 8250, 8235, 3061, 99.63%, 39, 500, 4, 285.11, 2150891
1439506275, 0, 1220, 8258, 8243, 3061, 99.63%, 39, 500, 4, 271.89, 2152239
1439506280, 0, 1220, 8260, 8245, 3061, 99.63%, 39, 500, 4, 271.88, 2153624
1439506285, 0, 1220, 8261, 8246, 3061, 99.63%, 39, 500, 4, 274.34, 2155009
1439506290, 0, 1220, 8265, 8250, 3061, 99.64%, 39, 500, 4, 270.69, 2156359
1439506295, 0, 1220, 8266, 8251, 3061, 99.64%, 39, 500, 4, 274.44, 2157734
1439506300, 0, 1220, 8268, 8253, 3061, 99.64%, 39, 500, 4, 272.07, 2159112
1439506315, 0, 1220, 8269, 8254, 3061, 99.64%, 39, 500, 4, 279.78, 2163337
1439506320, 0, 1220, 8278, 8263, 3061, 99.64%, 39, 500, 4, 276.25, 2164762
1439506326, 0, 1220, 8282, 8267, 3061, 99.64%, 39, 500, 4, 268.05, 2166122
1439506331, 0, 1220, 8283, 8268, 3061, 99.65%, 39, 500, 4, 278.12, 2167527
1439506336, 0, 1220, 8292, 8277, 3061, 99.66%, 39, 500, 4, 282.30, 2168942
1439506341, 0, 1220, 8298, 8283, 3061, 99.67%, 39, 500, 4, 284.44, 2170377
1439506346, 0, 1220, 8299, 8284, 3061, 99.67%, 39, 500, 4, 278.94, 2171747
1439506351, 0, 1220, 8304, 8289, 3061, 99.67%, 39, 500, 4, 277.71, 2173132
1439506356, 0, 1220, 8310, 8295, 3061, 99.67%, 39, 500, 4, 280.77, 2174547
1439506361, 0, 1220, 8319, 8304, 3061, 99.68%, 39, 500, 4, 284.53, 2175992
1439506366, 0, 1220, 8321, 8306, 3061, 99.69%, 39, 500, 4, 282.32, 2177472
1439506371, 0, 1220, 8324, 8309, 3061, 99.69%, 39, 500, 4, 280.59, 2178932
1439506376, 0, 1220, 8330, 8315, 3061, 99.69%, 39, 500, 4, 275.56, 2180312
1439506381, 0, 1220, 8336, 8321, 3061, 99.69%, 39, 500, 4, 274.70, 2181697
1439506386, 0, 1220, 8339, 8324, 3061, 99.69%, 39, 500, 4, 277.24, 2183082
1439506391, 0, 1220, 8340, 8325, 3061, 99.69%, 39, 500, 4, 278.60, 2184487
1439506396, 0, 1220, 8345, 8330, 3061, 99.69%, 39, 500, 4, 271.86, 2185862
1439506401, 0, 1220, 8349, 8334, 3061, 99.70%, 39, 500, 4, 282.34, 2187337
1439506406, 0, 1220, 8354, 8339, 3061, 99.70%, 39, 500, 4, 280.56, 2188727
1439506412, 0, 1220, 8357, 8342, 3061, 99.70%, 39, 500, 4, 275.55, 2190157
1439506417, 0, 1220, 8363, 8348, 3061, 99.70%, 39, 500, 4, 279.36, 2191547
1439506422, 0, 1220, 8367, 8352, 3061, 99.70%, 39, 500, 4, 282.90, 2192972
1439506427, 0, 1220, 8370, 8355, 3061, 99.70%, 39, 500, 4, 279.34, 2194377
1439506432, 0, 1220, 8375, 8360, 3061, 99.70%, 39, 500, 4, 284.42, 2195857
1439506437, 0, 1220, 8379, 8364, 3061, 99.71%, 39, 500, 4, 282.07, 2197317
1439506442, 0, 1220, 8380, 8365, 3061, 99.71%, 39, 500, 4, 271.89, 2198666
1439506447, 0, 1220, 8381, 8366, 3061, 99.71%, 39, 500, 4, 275.43, 2200101
1439506453, 0, 1220, 8386, 8371, 3061, 99.71%, 39, 500, 4, 281.02, 2201551
1439506458, 0, 1220, 8388, 8373, 3061, 99.71%, 39, 500, 4, 277.07, 2202946
1439506463, 0, 1220, 8391, 8376, 3061, 99.71%, 39, 500, 4, 267.22, 2204316
1439506468, 0, 1220, 8395, 8380, 3061, 99.71%, 39, 500, 4, 247.56, 2205565
1439506473, 0, 1220, 8397, 8382, 3061, 99.71%, 39, 500, 4, 233.32, 2206753
1439506483, 0, 1220, 8398, 8383, 3061, 99.71%, 39, 500, 4, 226.50, 2208857
1439506488, 0, 1220, 8399, 8384, 3061, 99.72%, 39, 500, 4, 242.55, 2210125
1439506493, 0, 1220, 8401, 8386, 3061, 99.72%, 39, 500, 4, 248.83, 2211421
1439506498, 0, 1220, 8405, 8390, 3061, 99.73%, 39, 500, 4, 250.68, 2212676
1439506504, 0, 1220, 8408, 8393, 3061, 99.73%, 39, 500, 4, 259.13, 2214046
1439506509, 0, 1220, 8411, 8396, 3061, 99.73%, 39, 500, 4, 263.90, 2215363
1439506514, 0, 1220, 8413, 8398, 3061, 99.73%, 39, 500, 4, 264.33, 2216736
1439506519, 0, 1220, 8414, 8399, 3061, 99.73%, 39, 500, 4, 268.07, 2218081
1439506524, 0, 1220, 8418, 8403, 3061, 99.73%, 39, 500, 4, 257.13, 2219346
1439506529, 0, 1220, 8422, 8407, 3061, 99.74%, 39, 500, 4, 266.28, 2220736
1439506534, 0, 1220, 8425, 8410, 3061, 99.74%, 39, 500, 4, 242.48, 2221961
1439506539, 0, 1220, 8429, 8414, 3061, 99.74%, 39, 500, 4, 237.87, 2223181
1439506544, 0, 1220, 8432, 8417, 3061, 99.74%, 39, 500, 4, 240.13, 2224425
1439506549, 0, 1220, 8435, 8420, 3061, 99.75%, 39, 500, 4, 236.62, 2225597
1439506555, 0, 1220, 8436, 8421, 3061, 99.75%, 39, 500, 4, 240.36, 2226833
1439506560, 0, 1220, 8440, 8425, 3061, 99.75%, 39, 500, 4, 236.04, 2228017
1439506565, 0, 1220, 8442, 8427, 3061, 99.75%, 39, 500, 4, 240.31, 2229229
1439506570, 0, 1220, 8445, 8430, 3061, 99.75%, 39, 500, 4, 231.75, 2230372
1439506580, 0, 1220, 8449, 8434, 3061, 99.75%, 39, 500, 4, 234.04, 2232733
1439506585, 0, 1220, 8452, 8437, 3061, 99.75%, 39, 500, 4, 225.75, 2233897
1439506590, 0, 1220, 8455, 8440, 3061, 99.75%, 39, 500, 4, 228.31, 2235069
1439506595, 0, 1220, 8456, 8441, 3061, 99.75%, 39, 500, 4, 216.70, 2236165
1439506601, 0, 1220, 8459, 8444, 3061, 99.75%, 39, 500, 4, 232.69, 2237393
1439506606, 0, 1220, 8461, 8446, 3061, 99.75%, 39, 500, 4, 234.52, 2238565
1439506611, 0, 1220, 8463, 8448, 3061, 99.75%, 39, 500, 4, 241.01, 2239829
1439506616, 0, 1220, 8464, 8449, 3061, 99.75%, 39, 500, 4, 237.04, 2241001
1439506621, 0, 1220, 8465, 8450, 3061, 99.75%, 39, 500, 4, 240.99, 2242249
1439506626, 0, 1220, 8469, 8454, 3061, 99.75%, 39, 500, 4, 234.01, 2243417
1439506631, 0, 1220, 8470, 8455, 3061, 99.75%, 39, 500, 4, 251.95, 2244681
1439506636, 0, 1220, 8473, 8458, 3061, 99.75%, 39, 500, 4, 263.90, 2246021
1439506641, 0, 1220, 8478, 8463, 3061, 99.76%, 39, 500, 4, 272.78, 2247446
1439506646, 0, 1220, 8482, 8467, 3061, 99.76%, 39, 500, 4, 269.46, 2248801
1439506651, 0, 1220, 8484, 8469, 3061, 99.76%, 39, 500, 4, 272.52, 2250216
1439506656, 0, 1220, 8487, 8472, 3061, 99.76%, 39, 500, 4, 270.94, 2251586
1439506662, 0, 1220, 8492, 8477, 3061, 99.76%, 39, 500, 4, 270.54, 2252941
1439506667, 0, 1220, 8495, 8480, 3061, 99.76%, 39, 500, 4, 266.05, 2254321
1439506672, 0, 1220, 8497, 8482, 3061, 99.77%, 39, 500, 4, 273.36, 2255696
1439506677, 0, 1220, 8499, 8484, 3061, 99.77%, 39, 500, 4, 273.49, 2257116
1439506682, 0, 1220, 8501, 8486, 3061, 99.77%, 39, 500, 4, 272.56, 2258481
1439506687, 0, 1220, 8504, 8489, 3061, 99.77%, 39, 500, 4, 263.91, 2259816
1439506692, 0, 1220, 8510, 8495, 3061, 99.77%, 39, 500, 4, 269.48, 2261206
1439506697, 0, 1220, 8512, 8497, 3061, 99.78%, 39, 500, 4, 276.29, 2262601
1439506702, 0, 1220, 8517, 8502, 3061, 99.78%, 39, 500, 4, 274.34, 2263991
1439506707, 0, 1220, 8520, 8505, 3061, 99.78%, 39, 500, 4, 274.81, 2265376
1439506713, 0, 1220, 8523, 8508, 3061, 99.78%, 39, 500, 4, 274.30, 2266796
1439506718, 0, 1220, 8526, 8511, 3061, 99.78%, 39, 500, 4, 272.30, 2268156
1439506723, 0, 1220, 8528, 8513, 3061, 99.78%, 39, 500, 4, 272.17, 2269518
1439506728, 0, 1220, 8531, 8516, 3061, 99.78%, 39, 500, 4, 264.42, 2270886
1439506733, 0, 1220, 8537, 8522, 3061, 99.78%, 39, 500, 4, 262.58, 2272223
1439506738, 0, 1220, 8539, 8524, 3061, 99.78%, 39, 500, 4, 271.81, 2273593
1439506743, 0, 1220, 8543, 8528, 3061, 99.79%, 39, 500, 4, 265.94, 2274943
1439506748, 0, 1220, 8544, 8529, 3061, 99.79%, 39, 500, 4, 265.33, 2276278
1439506753, 0, 1220, 8546, 8531, 3061, 99.79%, 39, 500, 4, 271.73, 2277638
1439506758, 0, 1220, 8547, 8532, 3061, 99.79%, 39, 500, 4, 249.29, 2278877
1439506763, 0, 1220, 8549, 8534, 3061, 99.79%, 39, 500, 4, 232.86, 2280033
1439506768, 0, 1220, 8551, 8536, 3061, 99.79%, 39, 500, 4, 233.39, 2281221
1439506773, 0, 1220, 8552, 8537, 3061, 99.79%, 39, 500, 4, 231.30, 2282365
1439506778, 0, 1220, 8553, 8538, 3061, 99.79%, 39, 500, 4, 238.96, 2283553
1439506783, 0, 1220, 8556, 8541, 3061, 99.80%, 39, 500, 4, 226.96, 2284733
1439506788, 0, 1226, 8560, 8544, 3360, 99.80%, 39, 500, 4, 259.21, 2286010
1439506855, 0, 1227, 8560, 8543, 3359, 99.80%, 39, 500, 4, 312.99, 2306522
1439506900, 0, 1228, 8560, 8542, 3358, 99.80%, 39, 500, 4, 319.77, 2320992
1439506951, 0, 1229, 8560, 8541, 3357, 99.80%, 39, 500, 4, 300.79, 2337356
1439507007, 0, 1230, 8560, 8540, 3356, 99.80%, 39, 500, 4, 377.09, 2358553
1439507063, 0, 1231, 8560, 8539, 3355, 99.80%, 39, 500, 4, 300.50, 2377573
1439507109, 0, 1232, 8560, 8538, 3354, 99.80%, 39, 500, 4, 311.90, 2391571
1439507149, 0, 1235, 8560, 8537, 3353, 99.80%, 39, 500, 4, 221.45, 2402902
1439507303, 0, 1243, 8560, 8536, 3352, 99.80%, 39, 500, 4, 370.09, 2441008
1439507364, 0, 1252, 8560, 8535, 3351, 99.80%, 39, 500, 4, 48.54, 2461084
1439507369, 0, 1252, 8561, 8536, 3351, 99.80%, 39, 500, 4, 133.92, 2461914
