# unix_time, cycles_done, cur_path, paths_total, pending_total, pending_favs, map_size, unique_crashes, unique_hangs, max_depth, execs_per_sec
1436290577, 0, 507, 594, 594, 90, 4.05%, 0, 0, 6, 144.55
1436290582, 0, 508, 594, 594, 90, 4.05%, 0, 0, 6, 149.78
1436291791, 0, 558, 594, 593, 90, 4.05%, 0, 0, 6, 150.93
1436292683, 1, 4, 594, 592, 90, 4.05%, 0, 0, 6, 151.10
1436292780, 1, 8, 594, 591, 89, 4.05%, 0, 0, 6, 150.65
1436292883, 1, 25, 594, 590, 88, 4.05%, 0, 0, 6, 150.97
1436292954, 1, 25, 595, 591, 88, 4.05%, 0, 0, 6, 151.06
1436292985, 1, 42, 595, 590, 87, 4.05%, 0, 0, 6, 151.40
1436293082, 1, 42, 596, 591, 87, 4.05%, 0, 0, 6, 151.02
1436293087, 1, 47, 596, 590, 86, 4.05%, 0, 0, 6, 151.00
1436293190, 1, 65, 596, 589, 85, 4.05%, 0, 0, 6, 151.17
1436293287, 1, 73, 596, 588, 84, 4.05%, 0, 0, 6, 150.90
1436293389, 1, 74, 596, 587, 83, 4.05%, 0, 0, 6, 151.74
1436293487, 1, 76, 596, 586, 82, 4.05%, 0, 0, 6, 151.61
1436293586, 1, 79, 596, 585, 81, 4.05%, 0, 0, 6, 151.87
1436293632, 1, 85, 596, 584, 80, 4.05%, 0, 0, 6, 151.96
1436293731, 1, 92, 596, 583, 79, 4.05%, 0, 0, 6, 151.26
1436293813, 1, 92, 597, 584, 79, 4.05%, 0, 0, 6, 151.50
1436293834, 1, 104, 597, 583, 78, 4.05%, 0, 0, 6, 151.81
1436293933, 1, 112, 597, 582, 77, 4.05%, 0, 0, 6, 151.42
1436294083, 1, 113, 597, 581, 77, 4.05%, 0, 0, 6, 152.03
1436294181, 1, 121, 597, 580, 76, 4.05%, 0, 0, 6, 151.70
1436294280, 1, 127, 597, 579, 75, 4.05%, 0, 0, 6, 151.52
1436294321, 1, 127, 598, 580, 75, 4.05%, 0, 0, 6, 151.29
1436294382, 1, 140, 598, 579, 74, 4.05%, 0, 0, 6, 150.36
1436294413, 1, 140, 599, 580, 74, 4.05%, 0, 0, 6, 151.96
1436294418, 1, 140, 600, 581, 74, 4.05%, 0, 0, 6, 151.57
1436294455, 1, 140, 601, 582, 74, 4.05%, 0, 0, 6, 151.70
1436294475, 1, 140, 603, 584, 74, 4.05%, 0, 0, 6, 151.71
1436294506, 1, 149, 603, 583, 73, 4.05%, 0, 0, 6, 151.90
1436294605, 1, 168, 603, 582, 72, 4.05%, 0, 0, 6, 151.96
1436294703, 1, 195, 603, 581, 71, 4.05%, 0, 0, 6, 151.81
1436294791, 1, 195, 604, 582, 71, 4.05%, 0, 0, 6, 151.84
1436294806, 1, 197, 604, 581, 70, 4.05%, 0, 0, 6, 151.83
1436294905, 1, 199, 604, 580, 69, 4.05%, 0, 0, 6, 152.05
1436295002, 1, 203, 604, 579, 68, 4.05%, 0, 0, 6, 150.96
1436295058, 1, 203, 605, 580, 68, 4.05%, 0, 0, 6, 150.50
1436295084, 1, 203, 606, 581, 68, 4.05%, 0, 0, 6, 150.97
1436295109, 1, 212, 606, 580, 67, 4.05%, 0, 0, 6, 150.64
1436295212, 1, 216, 606, 579, 66, 4.05%, 0, 0, 6, 151.18
1436295309, 1, 218, 606, 578, 65, 4.05%, 0, 0, 6, 151.17
1436295411, 1, 219, 606, 577, 64, 4.05%, 0, 0, 6, 151.10
1436295508, 1, 222, 606, 576, 63, 4.05%, 0, 0, 6, 150.94
1436295549, 1, 222, 607, 577, 63, 4.05%, 0, 0, 6, 151.07
1436295580, 1, 222, 608, 578, 63, 4.05%, 0, 0, 6, 150.83
1436295616, 1, 225, 608, 577, 62, 4.05%, 0, 0, 6, 151.19
1436295713, 1, 227, 608, 576, 61, 4.05%, 0, 0, 6, 150.97
1436299415, 1, 232, 608, 575, 60, 4.05%, 0, 0, 6, 140.11
1436299523, 1, 238, 608, 574, 59, 4.05%, 0, 0, 6, 144.32
1436299626, 1, 243, 608, 573, 58, 4.05%, 0, 0, 6, 150.58
1436299734, 1, 247, 608, 572, 57, 4.05%, 0, 0, 6, 115.69
1436299847, 1, 252, 608, 571, 56, 4.05%, 0, 0, 6, 144.52
1436299944, 1, 252, 609, 572, 56, 4.05%, 0, 0, 6, 144.90
1436299954, 1, 253, 609, 571, 55, 4.05%, 0, 0, 6, 140.79
1436300058, 1, 259, 609, 570, 54, 4.05%, 0, 0, 6, 131.36
1436300114, 1, 259, 611, 572, 54, 4.05%, 0, 0, 6, 147.12
1436300119, 1, 259, 612, 573, 54, 4.05%, 0, 0, 6, 148.63
1436300191, 1, 261, 612, 572, 53, 4.05%, 0, 0, 6, 147.60
1436300295, 1, 262, 612, 571, 52, 4.05%, 0, 0, 6, 147.69
1436300398, 1, 264, 612, 570, 51, 4.05%, 0, 0, 6, 145.45
1436300439, 1, 264, 615, 573, 51, 4.05%, 0, 0, 6, 145.67
1436300444, 1, 264, 617, 575, 51, 4.05%, 0, 0, 6, 146.68
1436300449, 1, 264, 618, 576, 51, 4.05%, 0, 0, 6, 144.62
1436300454, 1, 264, 619, 577, 51, 4.05%, 0, 0, 6, 142.05
1436300475, 1, 264, 620, 578, 51, 4.05%, 0, 0, 6, 149.19
1436300480, 1, 264, 622, 580, 51, 4.05%, 0, 0, 6, 145.40
1436300490, 1, 264, 623, 581, 51, 4.05%, 0, 0, 6, 149.28
1436300511, 1, 264, 624, 582, 51, 4.05%, 0, 0, 6, 150.32
1436300604, 1, 265, 624, 581, 50, 4.05%, 0, 0, 6, 150.07
1436300706, 1, 273, 624, 580, 49, 4.05%, 0, 0, 6, 150.58
1436300778, 1, 273, 626, 582, 49, 4.05%, 0, 0, 6, 120.24
1436300824, 1, 275, 626, 581, 48, 4.05%, 0, 0, 6, 150.93
1436300926, 1, 281, 626, 580, 47, 4.05%, 0, 0, 6, 145.03
1436300968, 1, 281, 627, 581, 47, 4.05%, 0, 0, 6, 145.91
1436301034, 1, 289, 627, 580, 46, 4.05%, 0, 0, 6, 148.52
1436301136, 1, 291, 627, 579, 45, 4.05%, 0, 0, 6, 149.04
1436301239, 1, 294, 627, 578, 44, 4.05%, 0, 0, 6, 142.55
1436301346, 1, 297, 627, 577, 43, 4.05%, 0, 0, 6, 151.14
1436301448, 1, 302, 627, 576, 42, 4.05%, 0, 0, 6, 150.92
1436301540, 1, 302, 629, 578, 42, 4.05%, 0, 0, 6, 116.85
1436301565, 1, 303, 629, 577, 41, 4.05%, 0, 0, 6, 117.08
1436301687, 1, 304, 629, 576, 40, 4.05%, 0, 0, 6, 146.81
1436301799, 1, 306, 629, 575, 39, 4.05%, 0, 0, 6, 149.64
1436301911, 1, 307, 629, 574, 38, 4.05%, 0, 0, 6, 120.04
1436302034, 1, 308, 629, 573, 37, 4.05%, 0, 0, 6, 138.17
1436302151, 1, 309, 629, 572, 36, 4.05%, 0, 0, 6, 151.10
1436302253, 1, 310, 629, 571, 35, 4.05%, 0, 0, 6, 150.15
1436302334, 1, 310, 630, 572, 35, 4.05%, 0, 0, 6, 148.12
1436302355, 1, 311, 630, 571, 34, 4.05%, 0, 0, 6, 138.70
1436302421, 1, 311, 631, 572, 34, 4.05%, 0, 0, 6, 122.50
1436302426, 1, 311, 632, 573, 34, 4.05%, 0, 0, 6, 120.79
1436302483, 1, 312, 632, 572, 33, 4.05%, 0, 0, 6, 142.00
1436302585, 1, 314, 632, 571, 32, 4.05%, 0, 0, 6, 151.15
1436302692, 1, 318, 632, 570, 31, 4.05%, 0, 0, 6, 149.87
1436302759, 1, 318, 633, 571, 31, 4.05%, 0, 0, 6, 146.63
1436302799, 1, 319, 633, 570, 30, 4.05%, 0, 0, 6, 149.51
1436302897, 1, 320, 633, 569, 29, 4.05%, 0, 0, 6, 150.12
1436302999, 1, 321, 633, 568, 28, 4.05%, 0, 0, 6, 126.28
1436303131, 1, 323, 633, 567, 27, 4.05%, 0, 0, 6, 146.92
1436303228, 1, 325, 633, 566, 26, 4.05%, 0, 0, 6, 151.27
1436303329, 1, 326, 633, 565, 25, 4.05%, 0, 0, 6, 150.88
1436303431, 1, 334, 633, 564, 24, 4.05%, 0, 0, 6, 151.22
1436303532, 1, 338, 633, 563, 23, 4.05%, 0, 0, 6, 150.14
1436303629, 1, 341, 633, 562, 22, 4.05%, 0, 0, 6, 150.51
1436303731, 1, 343, 633, 561, 21, 4.05%, 0, 0, 6, 149.44
1436303844, 1, 346, 633, 560, 20, 4.05%, 0, 0, 6, 147.94
1436303864, 1, 346, 633, 560, 20, 4.05%, 0, 1, 6, 142.94
1436303880, 1, 346, 633, 560, 20, 4.05%, 0, 2, 6, 146.57
1436303890, 1, 346, 633, 560, 20, 4.05%, 0, 3, 6, 145.57
1436303962, 1, 351, 633, 559, 19, 4.05%, 0, 3, 6, 111.44
1436304088, 1, 359, 633, 558, 18, 4.05%, 0, 3, 6, 118.14
1436304215, 1, 360, 633, 557, 17, 4.05%, 0, 3, 6, 118.32
1436304323, 1, 363, 633, 556, 16, 4.05%, 0, 3, 6, 151.41
1436304421, 1, 365, 633, 555, 15, 4.05%, 0, 3, 6, 151.32
1436304519, 1, 367, 633, 554, 14, 4.05%, 0, 3, 6, 151.77
1436304724, 1, 380, 633, 553, 13, 4.05%, 0, 3, 6, 147.01
1436304734, 1, 380, 633, 553, 13, 4.05%, 0, 4, 6, 139.27
1436304953, 1, 381, 633, 552, 12, 4.05%, 0, 4, 6, 114.44
1436305191, 1, 384, 633, 551, 11, 4.05%, 0, 4, 6, 123.23
1436305578, 1, 386, 633, 550, 10, 4.05%, 0, 4, 6, 137.03
1436305798, 1, 388, 633, 549, 9, 4.05%, 0, 4, 6, 148.82
1436305997, 1, 396, 633, 548, 8, 4.05%, 0, 4, 6, 151.33
1436306217, 1, 405, 633, 547, 7, 4.05%, 0, 4, 6, 151.11
1436306426, 1, 406, 633, 546, 6, 4.05%, 0, 4, 6, 151.09
1436306665, 1, 409, 633, 545, 5, 4.05%, 0, 4, 6, 113.85
1436306921, 1, 413, 633, 544, 4, 4.05%, 0, 4, 6, 151.39
1436307120, 1, 416, 633, 543, 3, 4.05%, 0, 4, 6, 133.96
1436307348, 1, 436, 633, 542, 2, 4.05%, 0, 4, 6, 150.20
1436312911, 1, 436, 633, 542, 2, 4.05%, 0, 5, 6, 0.00
1436312916, 1, 436, 633, 542, 2, 4.05%, 0, 9, 6, 140.31
1436312968, 1, 478, 633, 541, 1, 4.05%, 0, 9, 6, 139.34
1436313179, 1, 480, 633, 540, 0, 4.05%, 0, 9, 6, 149.62
1436313792, 1, 482, 633, 539, 0, 4.05%, 0, 9, 6, 150.29
1436313915, 1, 491, 633, 538, 0, 4.05%, 0, 9, 6, 107.21
1436314441, 1, 497, 633, 537, 0, 4.05%, 0, 9, 6, 107.91
1436316741, 1, 498, 633, 536, 0, 4.05%, 0, 9, 6, 109.82
1436316883, 1, 499, 633, 535, 0, 4.05%, 0, 9, 6, 106.11
1436318118, 1, 502, 633, 534, 0, 4.05%, 0, 9, 6, 98.63
1436318261, 1, 510, 633, 533, 0, 4.05%, 0, 9, 6, 109.89
1436319004, 1, 519, 633, 532, 0, 4.05%, 0, 9, 6, 129.78
1436319547, 1, 520, 633, 531, 0, 4.05%, 0, 9, 6, 121.29
1436320637, 1, 522, 633, 530, 0, 4.05%, 0, 9, 6, 120.41
1436321451, 1, 524, 633, 529, 0, 4.05%, 0, 9, 6, 120.98
1436321961, 1, 525, 633, 528, 0, 4.05%, 0, 9, 6, 120.80
1436322386, 1, 528, 633, 527, 0, 4.05%, 0, 9, 6, 120.44
1436322786, 1, 530, 633, 526, 0, 4.05%, 0, 9, 6, 120.80
1436323069, 1, 530, 634, 527, 0, 4.05%, 0, 9, 6, 119.51
1436323383, 1, 533, 634, 526, 0, 4.05%, 0, 9, 6, 120.93
1436324031, 1, 539, 634, 525, 0, 4.05%, 0, 9, 6, 125.07
1436324482, 2, 182, 634, 524, 1, 4.05%, 0, 9, 6, 120.52
1436324600, 2, 187, 634, 523, 0, 4.05%, 0, 9, 6, 133.15
1436324821, 2, 187, 635, 524, 0, 4.05%, 0, 9, 6, 133.79
1436324826, 2, 187, 636, 525, 0, 4.05%, 0, 9, 6, 134.36
1436324899, 2, 189, 636, 524, 0, 4.05%, 0, 9, 6, 134.79
1436325089, 2, 189, 637, 525, 0, 4.05%, 0, 9, 6, 135.78
1436325151, 2, 190, 637, 524, 0, 4.05%, 0, 9, 6, 131.42
1436325373, 2, 191, 637, 523, 0, 4.05%, 0, 9, 6, 137.28
1436325553, 2, 191, 639, 525, 0, 4.05%, 0, 9, 6, 138.14
1436325636, 2, 194, 639, 524, 0, 4.05%, 0, 9, 6, 115.20
1436325888, 2, 194, 641, 526, 0, 4.05%, 0, 9, 6, 114.41
1436325893, 2, 194, 642, 527, 0, 4.05%, 0, 9, 6, 115.02
1436325986, 2, 195, 642, 526, 0, 4.05%, 0, 9, 6, 115.57
1436326123, 2, 197, 642, 526, 0, 4.05%, 0, 9, 6, 111.80
1436326209, 2, 197, 643, 527, 0, 4.05%, 0, 9, 6, 111.68
1436326224, 2, 197, 644, 528, 0, 4.05%, 0, 9, 6, 112.50
1436326259, 2, 197, 646, 530, 0, 4.05%, 0, 9, 6, 111.54
1436326280, 2, 199, 646, 530, 0, 4.05%, 0, 9, 6, 112.01
1436326411, 2, 203, 646, 530, 0, 4.05%, 0, 9, 6, 111.88
1436326537, 2, 203, 647, 531, 0, 4.05%, 0, 9, 6, 110.83
1436326553, 2, 206, 647, 531, 0, 4.05%, 0, 9, 6, 111.30
1436326690, 2, 209, 647, 530, 0, 4.05%, 0, 9, 6, 108.04
1436326822, 2, 212, 647, 529, 0, 4.05%, 0, 9, 6, 114.02
1436326908, 2, 212, 648, 530, 0, 4.05%, 0, 9, 6, 113.28
1436326960, 2, 213, 648, 530, 0, 4.05%, 0, 9, 6, 115.53
1436327093, 2, 216, 648, 529, 0, 4.05%, 0, 9, 6, 112.91
1436327144, 2, 216, 649, 530, 0, 4.05%, 0, 9, 6, 114.84
1436327221, 2, 216, 650, 531, 0, 4.05%, 0, 9, 6, 107.63
1436327231, 2, 218, 650, 531, 0, 4.05%, 0, 9, 6, 111.92
1436327364, 2, 219, 650, 531, 0, 4.05%, 0, 9, 6, 111.55
1436327501, 2, 222, 650, 531, 0, 4.05%, 0, 9, 6, 108.93
1436327633, 2, 225, 650, 531, 0, 4.05%, 0, 9, 6, 112.33
1436327765, 2, 227, 650, 531, 0, 4.05%, 0, 9, 6, 113.36
1436327899, 2, 230, 650, 531, 0, 4.05%, 0, 9, 6, 113.94
1436328199, 2, 232, 650, 530, 0, 4.05%, 0, 9, 6, 111.69
1436328333, 2, 233, 650, 530, 0, 4.05%, 0, 9, 6, 111.19
1436328431, 2, 233, 651, 531, 0, 4.05%, 0, 9, 6, 138.33
1436328451, 2, 239, 651, 530, 0, 4.05%, 0, 9, 6, 136.10
1436328668, 2, 239, 652, 531, 0, 4.05%, 0, 9, 6, 132.57
1436328673, 2, 239, 653, 532, 0, 4.05%, 0, 9, 6, 134.20
1436328704, 2, 243, 653, 531, 0, 4.05%, 0, 9, 6, 136.88
1436328813, 2, 246, 653, 531, 0, 4.05%, 0, 9, 6, 139.21
1436329004, 2, 246, 654, 532, 0, 4.05%, 0, 9, 6, 111.90
1436329081, 2, 247, 654, 531, 0, 4.05%, 0, 9, 6, 116.24
1436329215, 2, 252, 654, 531, 0, 4.05%, 0, 9, 6, 112.36
1436329347, 2, 253, 654, 531, 0, 4.05%, 0, 9, 6, 112.15
1436329479, 2, 255, 654, 531, 0, 4.05%, 0, 9, 6, 112.44
1436330105, 2, 257, 654, 530, 0, 4.05%, 0, 9, 6, 112.79
1436330388, 2, 259, 654, 529, 0, 4.05%, 0, 9, 6, 111.90
1436330520, 2, 261, 654, 529, 0, 4.05%, 0, 9, 6, 111.95
1436330580, 2, 261, 656, 531, 0, 4.05%, 0, 9, 6, 112.12
1436330621, 2, 261, 657, 532, 0, 4.05%, 0, 9, 6, 112.81
1436330641, 2, 261, 658, 533, 0, 4.05%, 0, 9, 6, 111.99
1436330671, 2, 261, 659, 534, 0, 4.05%, 0, 9, 6, 112.77
1436330676, 2, 261, 660, 535, 0, 4.05%, 0, 9, 6, 113.23
1436330692, 2, 262, 660, 535, 0, 4.05%, 0, 9, 6, 112.13
1436330737, 2, 262, 662, 537, 0, 4.05%, 0, 9, 6, 111.89
1436330838, 2, 264, 662, 537, 0, 4.05%, 0, 9, 6, 112.81
1436330969, 2, 265, 662, 537, 0, 4.05%, 0, 9, 6, 112.40
1436331105, 2, 269, 662, 537, 0, 4.05%, 0, 9, 6, 111.49
1436331712, 2, 269, 663, 538, 0, 4.05%, 0, 9, 6, 112.18
1436331717, 2, 269, 664, 539, 0, 4.05%, 0, 9, 6, 113.28
1436331722, 2, 269, 665, 540, 0, 4.05%, 0, 9, 6, 112.69
1436331758, 2, 270, 665, 539, 0, 4.05%, 0, 9, 6, 112.52
1436332056, 2, 273, 665, 538, 0, 4.05%, 0, 9, 6, 82.24
1436332182, 2, 273, 667, 540, 0, 4.05%, 0, 9, 6, 112.10
1436332202, 2, 274, 667, 540, 0, 4.05%, 0, 9, 6, 112.70
1436332339, 2, 275, 667, 539, 0, 4.05%, 0, 9, 6, 112.94
1436332420, 2, 275, 668, 540, 0, 4.05%, 0, 9, 6, 111.48
1436332481, 2, 281, 668, 540, 0, 4.05%, 0, 9, 6, 113.11
1436332617, 2, 286, 668, 540, 0, 4.05%, 0, 9, 6, 112.54
1436333042, 2, 286, 669, 541, 0, 4.05%, 0, 9, 6, 111.96
1436333047, 2, 286, 670, 542, 0, 4.05%, 0, 9, 6, 112.17
1436333078, 2, 289, 670, 541, 0, 4.05%, 0, 9, 6, 111.98
1436333214, 2, 291, 670, 541, 0, 4.05%, 0, 9, 6, 112.32
1436333300, 2, 291, 671, 542, 0, 4.05%, 0, 9, 6, 112.03
1436333351, 2, 294, 671, 542, 0, 4.05%, 0, 9, 6, 112.68
1436333487, 2, 297, 671, 542, 0, 4.05%, 0, 9, 6, 111.55
1436333624, 2, 302, 671, 542, 0, 4.05%, 0, 9, 6, 112.68
1436333761, 2, 303, 671, 542, 0, 4.05%, 0, 9, 6, 111.92
1436333892, 2, 304, 671, 542, 0, 4.05%, 0, 9, 6, 112.35
1436333989, 2, 304, 672, 543, 0, 4.05%, 0, 9, 6, 96.15
1436333994, 2, 304, 673, 544, 0, 4.05%, 0, 9, 6, 108.05
1436334044, 2, 306, 673, 544, 0, 4.05%, 0, 9, 6, 112.06
1436334181, 2, 307, 673, 544, 0, 4.05%, 0, 9, 6, 112.15
1436334317, 2, 308, 673, 544, 0, 4.05%, 0, 9, 6, 111.74
1436334454, 2, 309, 673, 544, 0, 4.05%, 0, 9, 6, 112.52
1436334586, 2, 310, 673, 544, 0, 4.05%, 0, 9, 6, 113.27
1436334722, 2, 311, 673, 544, 0, 4.05%, 0, 9, 6, 112.20
1436334859, 2, 312, 673, 544, 0, 4.05%, 0, 9, 6, 109.59
1436334996, 2, 314, 673, 544, 0, 4.05%, 0, 9, 6, 110.32
1436335138, 2, 317, 673, 544, 0, 4.05%, 0, 9, 6, 112.34
1436335274, 2, 318, 673, 543, 0, 4.05%, 0, 9, 6, 111.62
1436335406, 2, 319, 673, 543, 0, 4.05%, 0, 9, 6, 112.43
1436335542, 2, 320, 673, 543, 0, 4.05%, 0, 9, 6, 112.95
1436335629, 2, 320, 674, 544, 0, 4.05%, 0, 9, 6, 109.93
1436335634, 2, 320, 675, 545, 0, 4.05%, 0, 9, 6, 84.42
1436335694, 2, 321, 675, 545, 0, 4.05%, 0, 9, 6, 110.88
1436335831, 2, 323, 675, 545, 0, 4.05%, 0, 9, 6, 111.19
1436335968, 2, 325, 675, 545, 0, 4.05%, 0, 9, 6, 112.50
1436336043, 2, 325, 676, 546, 0, 4.05%, 0, 9, 6, 111.76
1436336109, 2, 326, 676, 546, 0, 4.05%, 0, 9, 6, 111.38
1436336252, 2, 328, 676, 546, 0, 4.05%, 0, 9, 6, 115.49
1436336519, 2, 330, 676, 545, 0, 4.05%, 0, 9, 6, 136.07
1436336633, 2, 332, 676, 544, 0, 4.05%, 0, 9, 6, 110.46
1436336750, 2, 333, 676, 543, 0, 4.05%, 0, 9, 6, 133.30
1436336857, 2, 334, 676, 542, 0, 4.05%, 0, 9, 6, 138.39
1436336965, 2, 338, 676, 542, 0, 4.05%, 0, 9, 6, 135.79
1436337084, 2, 339, 676, 542, 0, 4.05%, 0, 9, 6, 114.92
1436337212, 2, 341, 676, 541, 0, 4.05%, 0, 9, 6, 115.51
1436337345, 2, 342, 676, 541, 0, 4.05%, 0, 9, 6, 107.03
1436337763, 2, 343, 676, 540, 0, 4.05%, 0, 9, 6, 112.17
1436337819, 2, 343, 677, 541, 0, 4.05%, 0, 9, 6, 115.47
1436337876, 2, 343, 679, 543, 0, 4.05%, 0, 9, 6, 114.71
1436337917, 2, 346, 679, 543, 0, 4.05%, 0, 9, 6, 117.76
1436337979, 2, 346, 682, 546, 0, 4.05%, 0, 9, 6, 115.94
1436337984, 2, 346, 683, 547, 0, 4.05%, 0, 9, 6, 113.43
1436338117, 2, 349, 683, 547, 0, 4.05%, 0, 9, 6, 114.62
1436338127, 2, 349, 683, 547, 0, 4.05%, 0, 12, 6, 71.00
1436338364, 2, 349, 684, 548, 0, 4.05%, 0, 12, 6, 115.72
1436338384, 2, 569, 684, 547, 1, 4.05%, 0, 12, 6, 106.97
1436370644, 2, 569, 684, 547, 1, 4.05%, 0, 13, 6, 0.00
1436372258, 2, 569, 684, 547, 1, 4.05%, 0, 14, 6, 127.37
1436372355, 2, 665, 684, 546, 1, 4.05%, 0, 14, 6, 140.21
1436374371, 2, 665, 685, 547, 1, 4.05%, 0, 14, 6, 112.00
1436374462, 2, 665, 686, 548, 1, 4.05%, 0, 14, 6, 112.82
1436374513, 2, 665, 687, 549, 1, 4.05%, 0, 14, 6, 113.10
1436374692, 2, 665, 688, 550, 1, 4.05%, 0, 14, 6, 113.28
1436375410, 2, 665, 689, 551, 1, 4.05%, 0, 14, 6, 113.23
1436375900, 2, 669, 689, 550, 1, 4.05%, 0, 14, 6, 112.95
1436377631, 2, 669, 690, 551, 1, 4.05%, 0, 14, 6, 113.59
1436377975, 2, 671, 690, 550, 1, 4.05%, 0, 14, 6, 136.90
1436379262, 3, 58, 690, 549, 1, 4.05%, 0, 14, 6, 101.79
1436379318, 3, 58, 690, 549, 1, 4.05%, 0, 16, 6, 87.64
1436379385, 3, 58, 690, 549, 1, 4.05%, 0, 17, 6, 116.50
1436379390, 3, 58, 690, 549, 1, 4.05%, 0, 18, 6, 88.47
1436379421, 3, 226, 690, 548, 1, 4.05%, 0, 18, 6, 103.47
