# unix_time, cycles_done, cur_path, paths_total, pending_total, pending_favs, map_size, unique_crashes, unique_hangs, max_depth, execs_per_sec
1437078939, 0, 1099, 1159, 1159, 298, 7.66%, 0, 0, 6, 205.51
1437078950, 0, 1099, 1162, 1162, 298, 7.66%, 0, 0, 6, 208.40
1437078955, 0, 1099, 1164, 1164, 298, 7.67%, 0, 0, 6, 211.15
1437079541, 0, 1100, 1164, 1163, 299, 7.67%, 0, 0, 6, 221.60
1437080145, 0, 1102, 1164, 1162, 298, 7.67%, 0, 0, 6, 218.59
1437080170, 0, 1102, 1166, 1164, 298, 7.67%, 0, 0, 6, 217.89
1437080722, 0, 1102, 1167, 1165, 298, 7.67%, 0, 0, 6, 225.54
1437080763, 0, 1102, 1168, 1166, 298, 7.67%, 0, 0, 6, 225.75
1437080849, 0, 1102, 1169, 1167, 298, 7.67%, 0, 0, 6, 225.04
1437081209, 0, 1103, 1169, 1166, 298, 7.67%, 0, 0, 6, 225.71
1437081240, 0, 1103, 1170, 1167, 298, 7.67%, 0, 0, 6, 221.25
1437081250, 0, 1103, 1171, 1168, 298, 7.67%, 0, 0, 6, 218.03
1437081786, 0, 1105, 1171, 1167, 298, 7.67%, 0, 0, 6, 220.77
1437081796, 0, 1105, 1172, 1168, 298, 7.67%, 0, 0, 6, 211.90
1437082384, 0, 1106, 1172, 1167, 298, 7.67%, 0, 0, 6, 222.89
1437082420, 0, 1106, 1173, 1168, 298, 7.67%, 0, 0, 6, 215.62
1437082440, 0, 1106, 1174, 1169, 298, 7.67%, 0, 0, 6, 222.01
1437082491, 0, 1106, 1176, 1171, 298, 7.67%, 0, 0, 6, 218.03
1437082961, 0, 1109, 1176, 1170, 299, 7.67%, 0, 0, 6, 224.40
1437082996, 0, 1109, 1177, 1171, 299, 7.67%, 0, 0, 6, 164.78
1437083538, 0, 1112, 1177, 1170, 299, 7.67%, 0, 0, 6, 225.85
1437083740, 0, 1112, 1178, 1171, 299, 7.67%, 0, 0, 6, 226.00
1437083776, 0, 1113, 1178, 1170, 299, 7.67%, 0, 0, 6, 226.72
1437084352, 0, 1114, 1178, 1169, 298, 7.67%, 0, 0, 6, 223.83
1437084357, 0, 1114, 1179, 1170, 298, 7.67%, 0, 0, 6, 219.84
1437084857, 0, 1114, 1180, 1171, 298, 7.67%, 0, 0, 6, 223.72
1437084918, 0, 1116, 1180, 1170, 298, 7.67%, 0, 0, 6, 224.54
1437084934, 0, 1116, 1181, 1171, 298, 7.67%, 0, 0, 6, 203.15
1437084944, 0, 1116, 1182, 1172, 298, 7.67%, 0, 0, 6, 213.83
1437085517, 0, 1117, 1182, 1171, 298, 7.67%, 0, 0, 6, 221.90
1437085558, 0, 1117, 1183, 1172, 298, 7.67%, 0, 0, 6, 215.37
1437085584, 0, 1117, 1184, 1173, 298, 7.67%, 0, 0, 6, 217.18
1437086111, 0, 1129, 1184, 1172, 298, 7.67%, 0, 0, 6, 226.61
1437086267, 0, 1130, 1184, 1171, 297, 7.67%, 0, 0, 6, 227.02
1437086835, 0, 1131, 1184, 1170, 296, 7.67%, 0, 0, 6, 227.26
1437086866, 0, 1131, 1186, 1172, 296, 7.67%, 0, 0, 7, 226.13
1437087371, 0, 1133, 1186, 1171, 296, 7.67%, 0, 0, 7, 226.72
1437087499, 0, 1133, 1187, 1172, 296, 7.67%, 0, 0, 7, 222.89
1437087939, 0, 1136, 1187, 1171, 296, 7.67%, 0, 0, 7, 219.47
1437087945, 0, 1136, 1188, 1172, 296, 7.68%, 0, 0, 7, 215.36
1437088521, 0, 1137, 1188, 1171, 296, 7.68%, 0, 0, 7, 225.12
1437088526, 0, 1137, 1189, 1172, 296, 7.68%, 0, 0, 7, 218.59
1437089119, 0, 1138, 1189, 1171, 296, 7.68%, 0, 0, 7, 223.32
1437089124, 0, 1138, 1190, 1172, 296, 7.68%, 0, 0, 7, 215.53
1437089671, 0, 1138, 1190, 1172, 296, 7.68%, 0, 1, 7, 225.24
1437089717, 0, 1139, 1190, 1171, 296, 7.68%, 0, 1, 7, 223.74
1437089763, 0, 1139, 1190, 1171, 296, 7.68%, 0, 2, 7, 216.88
1437090283, 0, 1140, 1190, 1170, 295, 7.68%, 0, 2, 7, 226.50
1437090288, 0, 1140, 1193, 1173, 295, 7.68%, 0, 2, 7, 216.41
1437090831, 0, 1140, 1194, 1174, 295, 7.68%, 0, 2, 7, 226.27
1437090947, 0, 1141, 1194, 1173, 297, 7.68%, 0, 2, 7, 224.97
1437091542, 0, 1142, 1194, 1172, 296, 7.68%, 0, 2, 7, 223.54
1437091598, 0, 1142, 1195, 1173, 296, 7.68%, 0, 2, 7, 223.66
1437092113, 0, 1144, 1195, 1172, 296, 7.68%, 0, 2, 7, 223.51
1437092169, 0, 1144, 1196, 1173, 296, 7.68%, 0, 2, 7, 221.87
1437092683, 0, 1145, 1196, 1172, 296, 7.68%, 0, 2, 7, 223.76
1437093258, 0, 1146, 1196, 1171, 295, 7.68%, 0, 2, 7, 223.43
1437093826, 0, 1147, 1196, 1170, 294, 7.68%, 0, 2, 7, 224.17
1437093831, 0, 1147, 1197, 1171, 294, 7.69%, 0, 2, 7, 221.68
1437094392, 0, 1148, 1197, 1170, 294, 7.69%, 0, 2, 7, 225.94
1437094958, 0, 1149, 1197, 1169, 293, 7.69%, 0, 2, 7, 227.18
1437095187, 0, 1149, 1198, 1170, 293, 7.69%, 0, 2, 7, 218.72
1437095530, 0, 1150, 1198, 1169, 292, 7.69%, 0, 2, 7, 222.52
1437095759, 0, 1150, 1199, 1170, 292, 7.69%, 0, 2, 7, 216.39
1437096137, 0, 1152, 1199, 1169, 291, 7.69%, 0, 2, 7, 200.56
1437096153, 0, 1152, 1202, 1172, 291, 7.69%, 0, 2, 7, 192.18
1437096158, 0, 1152, 1203, 1173, 291, 7.69%, 0, 2, 7, 191.04
1437096189, 0, 1152, 1204, 1174, 291, 7.69%, 0, 2, 7, 194.45
1437096789, 0, 1153, 1204, 1173, 290, 7.69%, 0, 2, 7, 201.45
1437096815, 0, 1153, 1205, 1174, 290, 7.69%, 0, 2, 7, 194.04
1437096866, 0, 1153, 1206, 1175, 290, 7.69%, 0, 2, 7, 198.17
1437097407, 0, 1154, 1206, 1174, 290, 7.69%, 0, 2, 7, 225.79
1437097423, 0, 1154, 1207, 1175, 290, 7.69%, 0, 2, 7, 212.66
1437097428, 0, 1154, 1208, 1176, 290, 7.69%, 0, 2, 7, 211.89
1437098004, 0, 1157, 1208, 1175, 290, 7.69%, 0, 2, 7, 222.08
1437098009, 0, 1157, 1209, 1176, 290, 7.69%, 0, 2, 7, 216.74
1437098014, 0, 1157, 1211, 1178, 290, 7.69%, 0, 2, 7, 214.24
1437098596, 0, 1158, 1211, 1177, 290, 7.69%, 0, 2, 7, 221.64
1437098612, 0, 1158, 1212, 1178, 290, 7.69%, 0, 2, 7, 211.77
1437099193, 0, 1161, 1212, 1177, 290, 7.69%, 0, 2, 7, 224.73
1437099786, 0, 1162, 1212, 1176, 289, 7.69%, 0, 2, 7, 222.62
1437100190, 0, 1162, 1212, 1176, 289, 7.69%, 0, 3, 7, 199.43
1437100231, 0, 1162, 1212, 1176, 289, 7.69%, 0, 4, 7, 202.79
