# unix_time, cycles_done, cur_path, paths_total, pending_total, pending_favs, map_size, unique_crashes, unique_hangs, max_depth, execs_per_sec
1437722611, 0, 1121, 2807, 2807, 668, 58.53%, 0, 0, 4, 124.18
1437722616, 0, 1133, 2807, 2807, 668, 58.53%, 0, 0, 4, 307.21
1437722642, 0, 1152, 2812, 2811, 667, 58.53%, 0, 8, 4, 310.39
1437722647, 0, 1152, 2818, 2817, 667, 58.53%, 0, 11, 4, 365.00
1437722652, 0, 1152, 2818, 2817, 667, 58.53%, 0, 12, 4, 309.25
1437722667, 0, 1152, 2818, 2817, 667, 58.53%, 0, 17, 4, 14.49
1437722683, 0, 1152, 2819, 2818, 667, 58.53%, 0, 19, 4, 270.05
1437722689, 0, 1152, 2829, 2828, 667, 58.54%, 0, 21, 4, 163.28
1437722694, 0, 1152, 2835, 2834, 667, 58.54%, 0, 25, 4, 240.59
1437722699, 0, 1152, 2843, 2842, 667, 58.54%, 0, 26, 4, 316.20
1437722704, 0, 1152, 2843, 2842, 667, 58.54%, 0, 32, 4, 22.69
1437722709, 0, 1152, 2846, 2845, 667, 58.54%, 0, 32, 4, 249.62
1437722714, 0, 1152, 2846, 2845, 667, 58.54%, 0, 38, 4, 286.31
1437722719, 0, 1152, 2846, 2845, 667, 58.54%, 0, 45, 4, 291.71
1437722724, 0, 1152, 2846, 2845, 667, 58.54%, 0, 47, 4, 288.54
1437722729, 0, 1152, 2847, 2846, 667, 58.55%, 0, 50, 4, 302.08
1437722734, 0, 1152, 2849, 2848, 667, 58.55%, 0, 51, 4, 313.85
1437722740, 0, 1152, 2850, 2849, 667, 58.55%, 0, 51, 4, 314.12
1437722745, 0, 1152, 2851, 2850, 667, 58.55%, 0, 53, 4, 324.67
1437722750, 0, 1152, 2854, 2853, 667, 58.55%, 0, 55, 4, 320.10
1437722755, 0, 1152, 2854, 2853, 667, 58.55%, 0, 56, 4, 349.82
1437722765, 0, 1152, 2855, 2854, 667, 58.55%, 0, 60, 4, 347.61
1437722770, 0, 1152, 2856, 2855, 667, 58.55%, 0, 62, 4, 327.07
1437722775, 0, 1152, 2857, 2856, 667, 58.55%, 0, 64, 4, 310.45
1437722785, 0, 1152, 2857, 2856, 667, 58.55%, 0, 66, 4, 316.32
1437722790, 0, 1152, 2857, 2856, 667, 58.55%, 0, 67, 4, 300.02
1437722795, 0, 1152, 2858, 2857, 667, 58.55%, 0, 67, 4, 305.90
1437722801, 0, 1152, 2859, 2858, 667, 58.55%, 0, 68, 4, 316.06
1437722806, 0, 1152, 2859, 2858, 667, 58.55%, 0, 69, 4, 305.77
1437722811, 0, 1152, 2861, 2860, 667, 58.57%, 0, 72, 4, 300.41
1437722826, 0, 1152, 2862, 2861, 667, 58.58%, 0, 74, 4, 302.39
1437722841, 0, 1152, 2862, 2861, 667, 58.58%, 0, 75, 4, 329.55
1437722851, 0, 1152, 2864, 2863, 667, 58.58%, 0, 75, 4, 322.33
1437722856, 0, 1152, 2865, 2864, 667, 58.58%, 0, 76, 4, 318.59
